-9.535402059555053711e-03 1.960752997547388077e-03
5.193889141082763672e+00 -1.734720915555953979e-02
3.361016511917114258e-02 -4.912440199404954910e-03
6.791639328002929688e+00 -1.023049235343933105e+00
-3.432959318161010742e-02 2.453767228871583939e-04
7.706022262573242188e+00 -1.962773799896240234e-01
-2.984970808029174805e-02 4.251441918313503265e-03
5.260743141174316406e+00 1.154942363500595093e-01
-1.272350549697875977e-02 4.373923875391483307e-03
5.447003841400146484e+00 2.391870319843292236e-01
-2.698242664337158203e-02 9.877453558146953583e-03
7.103653907775878906e+00 9.141237139701843262e-01
-2.054572105407714844e-02 1.964457333087921143e-03
4.827942848205566406e+00 -8.597956039011478424e-03
-7.864534854888916016e-03 -4.669606219977140427e-03
6.738471031188964844e+00 -1.295745253562927246e+00
1.655966043472290039e-02 2.520990557968616486e-03
4.674422264099121094e+00 6.919233128428459167e-03
-2.752080559730529785e-02 8.595157414674758911e-03
5.364706993103027344e+00 1.031998276710510254e+00
1.220896840095520020e-02 7.418370805680751801e-03
6.581449031829833984e+00 5.702739357948303223e-01
2.249777317047119141e-03 2.875927602872252464e-03
6.147630691528320312e+00 1.068172231316566467e-01
-6.150603294372558594e-03 2.992921508848667145e-04
5.079010009765625000e+00 -1.094391122460365295e-01
2.644404768943786621e-02 -7.148846983909606934e-03
6.078265190124511719e+00 -1.577674627304077148e+00
-1.833349466323852539e-02 4.304741509258747101e-03
6.479656696319580078e+00 2.080219984054565430e-01
-1.342013478279113770e-02 -8.302624337375164032e-05
6.181447029113769531e+00 -1.989215910434722900e-01
-2.471551299095153809e-02 7.752825040370225906e-03
5.564372539520263672e+00 1.187797307968139648e+00
-8.081346750259399414e-03 -1.552915433421730995e-03
3.704134941101074219e+00 -3.829036653041839600e-01
-3.338932991027832031e-02 -1.303443568758666515e-03
5.070533275604248047e+00 -5.912345647811889648e-01
-1.423731446266174316e-02 2.746340334415435791e-01
5.105134010314941406e+00 3.673481702804565430e+00
-4.852592945098876953e-02 1.629011821933090687e-03
5.646777153015136719e+00 -6.181107833981513977e-02
2.845972776412963867e-03 1.180940889753401279e-03
6.466970920562744141e+00 -6.129371002316474915e-02
-1.275807619094848633e-02 -3.598124720156192780e-03
3.461346864700317383e+00 -6.584393382072448730e-01
-1.076757907867431641e-02 2.743166405707597733e-03
7.305361747741699219e+00 2.859161794185638428e-01
-2.878278493881225586e-02 4.721276927739381790e-03
5.490337371826171875e+00 4.844951629638671875e-01
-4.602670669555664062e-03 2.877690130844712257e-03
4.750233650207519531e+00 4.042084217071533203e-01
-1.619756221771240234e-02 7.384283468127250671e-03
6.960895061492919922e+00 6.779324412345886230e-01
-1.384988427162170410e-02 -1.393475104123353958e-02
5.775474548339843750e+00 -2.033333063125610352e+00
-2.695798873901367188e-02 8.590424433350563049e-03
4.499488353729248047e+00 6.258162260055541992e-01
-3.554224967956542969e-02 5.393056198954582214e-05
4.463157176971435547e+00 -1.069504693150520325e-01
-8.873641490936279297e-03 -3.522299695760011673e-03
5.501734733581542969e+00 -5.672146081924438477e-01
-2.131462097167968750e-02 -9.310664609074592590e-05
5.864944458007812500e+00 -8.445825427770614624e-02
-9.206682443618774414e-03 6.545282900333404541e-03
4.920831203460693359e+00 2.986544668674468994e-01
-2.758234739303588867e-02 3.303170669823884964e-03
4.033689022064208984e+00 1.726701557636260986e-01
2.669423818588256836e-02 -2.724709454923868179e-03
4.214386940002441406e+00 -1.006025552749633789e+00
-5.558356642723083496e-02 9.327936917543411255e-03
6.558849811553955078e+00 1.205338120460510254e+00
-1.920431852340698242e-02 8.968578651547431946e-03
6.308411598205566406e+00 1.416493415832519531e+00
-1.762658357620239258e-02 2.983145415782928467e-03
5.882763862609863281e+00 -8.084932342171669006e-03
-7.904618978500366211e-03 4.607422742992639542e-03
5.542984962463378906e+00 7.315834760665893555e-01
-8.485764265060424805e-03 3.670102450996637344e-03
6.838822364807128906e+00 5.180500745773315430e-01
-3.685057163238525391e-04 -3.243030747398734093e-03
5.834778785705566406e+00 -9.909317493438720703e-01
-7.103383541107177734e-04 -5.249897949397563934e-03
6.157735824584960938e+00 -1.637852311134338379e+00
-2.153262495994567871e-02 1.582498662173748016e-03
5.949071884155273438e+00 -9.038126468658447266e-02
-2.177953720092773438e-02 9.678417816758155823e-03
6.495422363281250000e+00 2.217412710189819336e+00
-4.344493150711059570e-02 1.276996172964572906e-02
4.129720211029052734e+00 1.129388570785522461e+00
2.586841583251953125e-03 -3.325734287500381470e-03
4.227705001831054688e+00 -2.224158942699432373e-01
-3.871649503707885742e-02 -3.920094110071659088e-03
7.600069999694824219e+00 -1.310964226722717285e+00
-5.052462220191955566e-02 5.914333742111921310e-03
5.482075214385986328e+00 3.902611434459686279e-01
-2.349868416786193848e-02 1.230190321803092957e-02
4.867486000061035156e+00 -2.183805942535400391e+00
1.364231109619140625e-02 6.111934781074523926e-03
4.618944644927978516e+00 1.873786002397537231e-01
1.935929059982299805e-02 2.521090675145387650e-03
6.408710002899169922e+00 3.091105818748474121e-01
-9.789764881134033203e-03 4.652858711779117584e-03
7.115035057067871094e+00 1.768873631954193115e-01
-3.232717514038085938e-02 1.214470807462930679e-02
5.693274497985839844e+00 2.113700151443481445e+00
-5.758106708526611328e-03 -2.582932356745004654e-03
5.479589462280273438e+00 -2.320374250411987305e+00
-2.193182706832885742e-02 6.434565875679254532e-03
5.105540275573730469e+00 1.002311944961547852e+00
-4.299744963645935059e-02 2.171969972550868988e-03
5.508086204528808594e+00 -3.716096282005310059e-01
-2.267360687255859375e-03 -8.372415322810411453e-04
6.502741813659667969e+00 -2.459672391414642334e-01
-4.915863275527954102e-02 -2.206377452239394188e-03
7.308738708496093750e+00 -1.145100474357604980e+00
-2.291157841682434082e-02 6.312615238130092621e-03
6.099225044250488281e+00 9.010075926780700684e-01
-3.216996788978576660e-02 1.144830975681543350e-02
5.375648021697998047e+00 2.558094024658203125e+00
-1.896008849143981934e-02 2.688948297873139381e-03
7.646015167236328125e+00 -1.841649115085601807e-01
-4.600644111633300781e-02 3.143918002024292946e-03
4.349376201629638672e+00 7.507419586181640625e-02
-6.708204746246337891e-03 3.704091534018516541e-03
6.666704177856445312e+00 4.685506224632263184e-01
6.311982870101928711e-03 1.764890039339661598e-03
6.449020385742187500e+00 8.188939839601516724e-02
-3.837615251541137695e-02 1.028459984809160233e-02
4.584887504577636719e+00 1.470589518547058105e+00
-1.369789242744445801e-02 9.358120150864124298e-03
5.715888023376464844e+00 5.878582000732421875e-01
3.850758075714111328e-03 7.260631769895553589e-03
6.288877010345458984e+00 1.900461792945861816e+00
2.844423055648803711e-02 -1.373137347400188446e-03
6.085185527801513672e+00 -5.510964989662170410e-01
-9.470283985137939453e-03 -5.981637164950370789e-03
3.996598243713378906e+00 -1.560039997100830078e+00
8.395910263061523438e-03 -3.659947542473673820e-03
6.701455593109130859e+00 -1.241592288017272949e+00
-1.994162797927856445e-02 2.823828253895044327e-03
6.065990447998046875e+00 3.797248601913452148e-01
-1.635581254959106445e-02 -1.587646780535578728e-03
6.130460739135742188e+00 -6.516653299331665039e-01
8.552670478820800781e-03 6.156784947961568832e-03
5.417013168334960938e+00 4.006589949131011963e-01
-1.657158136367797852e-02 2.837456995621323586e-03
6.534211635589599609e+00 5.028159022331237793e-01
-5.072355270385742188e-02 1.192995160818099976e-02
4.542644977569580078e+00 2.497052192687988281e+00
-2.010136842727661133e-02 9.910711087286472321e-03
6.774060726165771484e+00 1.665687680244445801e+00
-9.914189577102661133e-03 5.243136547505855560e-03
4.812557697296142578e+00 5.552783608436584473e-02
-1.748412847518920898e-02 -1.120730303227901459e-05
6.010757446289062500e+00 -7.017404437065124512e-01
-3.737777471542358398e-02 1.627086894586682320e-03
5.822520732879638672e+00 5.975782126188278198e-02
-2.198219299316406250e-03 2.424450358375906944e-03
6.448226451873779297e+00 3.788858056068420410e-01
7.846802473068237305e-03 1.828552340157330036e-03
6.687892913818359375e+00 -1.699391752481460571e-01
-1.141890883445739746e-02 -8.813209831714630127e-03
4.699158668518066406e+00 -1.906377196311950684e+00
-2.401098608970642090e-02 -5.437735468149185181e-03
6.196774482727050781e+00 -1.506583571434020996e+00
-2.538710832595825195e-03 -2.443715697154402733e-03
5.686053752899169922e+00 -8.349195718765258789e-01
-1.059055328369140625e-02 -6.796410889364778996e-04
6.976096630096435547e+00 -8.077499866485595703e-01
-1.965314149856567383e-02 -1.194291398860514164e-03
5.055609226226806641e+00 -7.987133264541625977e-01
1.699924468994140625e-02 -3.525086212903261185e-03
6.182094573974609375e+00 -1.514876842498779297e+00
-1.390963792800903320e-02 3.275714116171002388e-03
7.229357719421386719e+00 7.733068466186523438e-01
-1.117855310440063477e-02 2.151320222765207291e-03
5.319550514221191406e+00 1.160670891404151917e-01
-1.648157835006713867e-02 -3.227364271879196167e-03
6.172090530395507812e+00 -1.035289168357849121e+00
-1.581221818923950195e-02 4.437263123691082001e-03
6.414877891540527344e+00 2.639436423778533936e-01
-2.014696598052978516e-02 -2.822496229782700539e-03
6.786339759826660156e+00 -8.174357414245605469e-01
-5.601942539215087891e-03 -3.757288213819265366e-03
6.612808704376220703e+00 -1.681260943412780762e+00
-1.286417245864868164e-02 6.389289628714323044e-03
5.396737098693847656e+00 1.602995991706848145e+00
-3.401160240173339844e-02 6.386477034538984299e-03
6.119202613830566406e+00 6.717227697372436523e-01
-3.042683005332946777e-02 6.559175439178943634e-03
4.922627449035644531e+00 7.163169384002685547e-01
1.778602600097656250e-03 1.896102912724018097e-02
6.262665748596191406e+00 2.920864820480346680e+00
7.987767457962036133e-03 5.044857971370220184e-05
6.783821582794189453e+00 -5.483572483062744141e-01
-1.183122396469116211e-02 2.835089107975363731e-03
6.143482208251953125e+00 1.439654380083084106e-01
-4.765868186950683594e-02 -4.192837979644536972e-03
6.982803821563720703e+00 -1.031769156455993652e+00
-2.705752849578857422e-02 6.813260260969400406e-03
6.687663078308105469e+00 9.769505262374877930e-01
-2.256035804748535156e-02 8.394202217459678650e-03
6.075855255126953125e+00 1.080476999282836914e+00
-1.156270503997802734e-02 -3.878380870446562767e-03
5.306582927703857422e+00 -1.059603333473205566e+00
-3.123566508293151855e-02 -7.290232926607131958e-03
4.702012538909912109e+00 -1.366644382476806641e+00
-1.150965690612792969e-02 -4.179950337857007980e-05
4.373805046081542969e+00 -1.220788061618804932e-01
-1.743137836456298828e-03 -1.243513543158769608e-03
6.516213893890380859e+00 -4.608538746833801270e-01
-7.988959550857543945e-03 -3.213519230484962463e-03
5.578175544738769531e+00 -2.635334432125091553e-01
-5.228564143180847168e-02 1.685020979493856430e-03
5.299425601959228516e+00 5.801935121417045593e-02
-1.136913895606994629e-02 2.152443630620837212e-03
4.735681533813476562e+00 1.539241969585418701e-01
-3.724128007888793945e-02 8.259429596364498138e-03
5.538143157958984375e+00 1.278604745864868164e+00
7.377564907073974609e-04 3.935305401682853699e-03
5.889693260192871094e+00 2.069323956966400146e-01
-4.981964826583862305e-02 1.281128497794270515e-03
6.059788703918457031e+00 -2.895566634833812714e-02
-4.081785678863525391e-02 -4.623978747986257076e-04
6.973932266235351562e+00 -5.727222561836242676e-01
-2.809569239616394043e-02 -9.591452544555068016e-04
5.857033729553222656e+00 -2.819291353225708008e-01
-2.538084983825683594e-02 1.045755296945571899e-02
6.784273147583007812e+00 1.665631413459777832e+00
-2.881392836570739746e-02 4.112396854907274246e-03
5.937645435333251953e+00 8.544028401374816895e-01
-1.743376255035400391e-02 6.203774828463792801e-03
4.953745841979980469e+00 1.308471113443374634e-01
-2.576932311058044434e-02 4.133712500333786011e-03
4.841676712036132812e+00 2.167112380266189575e-01
-2.584576606750488281e-02 5.346166435629129410e-03
4.240400791168212891e+00 8.108971118927001953e-01
-3.094792366027832031e-02 1.261044293642044067e-02
5.208030700683593750e+00 2.522685289382934570e+00
-2.395242452621459961e-02 8.160239085555076599e-03
6.490434646606445312e+00 6.509902477264404297e-01
-2.097785472869873047e-02 3.763413522392511368e-03
6.027252197265625000e+00 3.985172510147094727e-01
-3.464952111244201660e-02 4.711622372269630432e-03
6.835359573364257812e+00 1.119036436080932617e+00
-1.884728670120239258e-02 -1.935014734044671059e-04
6.774219512939453125e+00 -2.807107269763946533e-01
-2.793669700622558594e-02 5.229875445365905762e-03
4.368226051330566406e+00 1.927576214075088501e-01
8.503198623657226562e-03 -4.926588386297225952e-03
5.362048149108886719e+00 -1.056454658508300781e+00
1.116067171096801758e-02 5.100830458104610443e-04
6.476033210754394531e+00 -9.915453195571899414e-02
-1.859024167060852051e-02 -1.896397443488240242e-03
5.530889034271240234e+00 -2.643905282020568848e-01
7.160604000091552734e-03 -2.385641215369105339e-03
5.399127483367919922e+00 -6.792749166488647461e-01
-7.769465446472167969e-02 -6.447397754527628422e-04
5.430352687835693359e+00 -2.638126611709594727e-01
-3.308326005935668945e-02 -1.960789086297154427e-03
6.979080200195312500e+00 -7.372374534606933594e-01
-7.053315639495849609e-03 -3.520280821248888969e-03
6.252289772033691406e+00 -1.169126987457275391e+00
-3.410488367080688477e-02 -4.613641067408025265e-04
7.028579235076904297e+00 -2.520279288291931152e-01
-3.352761268615722656e-04 -1.344971242360770702e-03
6.831843852996826172e+00 -9.219035506248474121e-01
-3.972887992858886719e-02 -1.546883722767233849e-03
5.964573860168457031e+00 -2.029857784509658813e-01
-6.679818034172058105e-02 -5.716476589441299438e-03
4.710940361022949219e+00 -1.304554224014282227e+00
-2.062708139419555664e-02 7.689563557505607605e-03
5.795511245727539062e+00 1.366029381752014160e+00
-1.064091920852661133e-03 3.289303276687860489e-04
6.103212833404541016e+00 -8.839067071676254272e-02
-1.174032688140869141e-02 2.480618469417095184e-02
4.436522006988525391e+00 2.148256063461303711e+00
-4.048734903335571289e-02 1.327263889834284782e-03
6.705018997192382812e+00 -2.373117506504058838e-01
3.415614366531372070e-02 -9.792678058147430420e-03
5.039330005645751953e+00 -6.520830392837524414e-01
-6.814897060394287109e-03 1.354413689114153385e-03
5.185668945312500000e+00 -3.306605666875839233e-02
2.557307481765747070e-02 -3.363895695656538010e-03
5.978319644927978516e+00 -1.357905387878417969e+00
-5.559384822845458984e-02 -9.655242320150136948e-04
6.261870384216308594e+00 -3.971553444862365723e-01
1.681327819824218750e-02 2.281804336234927177e-03
6.645005226135253906e+00 -1.067536249756813049e-01
3.829494118690490723e-02 -1.107135321944952011e-03
3.482934951782226562e+00 1.157802939414978027e-01
-1.205503940582275391e-03 4.490352235734462738e-03
7.472947120666503906e+00 3.662964701652526855e-01
-5.164742469787597656e-04 -2.851404482498764992e-03
7.193794727325439453e+00 -1.110895514488220215e+00
-5.630403757095336914e-03 8.110661292448639870e-04
4.524420738220214844e+00 -5.085802823305130005e-02
-1.210257411003112793e-02 -5.543383304029703140e-04
6.927141189575195312e+00 -6.348915100097656250e-01
-5.215227603912353516e-02 1.352693652734160423e-03
5.836908340454101562e+00 3.995063900947570801e-02
1.055985689163208008e-02 -4.685034975409507751e-03
6.820478439331054688e+00 -1.286575555801391602e+00
1.511007547378540039e-02 2.116926480084657669e-03
7.023292064666748047e+00 1.289544850587844849e-01
-1.885250210762023926e-02 7.568893488496541977e-03
4.256786823272705078e+00 1.467122912406921387e+00
-3.288671374320983887e-02 3.161757485941052437e-03
7.165988922119140625e+00 4.126213788986206055e-01
-4.704385995864868164e-02 2.783433999866247177e-03
3.955083131790161133e+00 3.213492780923843384e-02
-5.193799734115600586e-03 -3.797700628638267517e-05
6.172385215759277344e+00 -4.982824623584747314e-01
-7.503926753997802734e-03 1.284943707287311554e-02
6.359969139099121094e+00 1.576449632644653320e+00
1.311630010604858398e-02 -1.611397601664066315e-03
6.849343299865722656e+00 -5.852695703506469727e-01
-8.732527494430541992e-03 8.091270923614501953e-03
4.430486202239990234e+00 1.199760794639587402e+00
2.092719078063964844e-03 1.207895111292600632e-03
6.491198539733886719e+00 1.392343081533908844e-02
-1.527965068817138672e-03 -3.483872395008802414e-03
5.214889526367187500e+00 -2.218325436115264893e-01
7.248371839523315430e-03 -2.964658429846167564e-03
5.960164070129394531e+00 -1.012951016426086426e+00
-2.371057868003845215e-02 7.640384137630462646e-04
6.180682659149169922e+00 -1.812273561954498291e-01
3.087520599365234375e-04 4.388203378766775131e-03
4.182958602905273438e+00 8.228296637535095215e-01
-3.102123737335205078e-02 6.812201812863349915e-03
7.373642444610595703e+00 7.673829197883605957e-01
-1.047044992446899414e-02 -1.455191522836685181e-03
6.359231948852539062e+00 -5.097416639328002930e-01
-1.192182302474975586e-02 -8.636191487312316895e-03
5.891797542572021484e+00 -1.801345944404602051e+00
-1.482456922531127930e-02 5.948997568339109421e-03
6.920006275177001953e+00 8.449804186820983887e-01
-2.068340778350830078e-02 6.813980871811509132e-04
5.997287750244140625e+00 -2.080986201763153076e-01
-4.035085439682006836e-03 -6.859609857201576233e-04
6.821627616882324219e+00 -6.491844654083251953e-01
1.584514975547790527e-02 -4.653848707675933838e-03
5.984631061553955078e+00 -1.329159259796142578e+00
4.155158996582031250e-02 1.677270629443228245e-03
6.247230052947998047e+00 -2.017218619585037231e-01
-2.123862504959106445e-02 5.388678982853889465e-03
6.514197349548339844e+00 1.200605750083923340e+00
-1.886054873466491699e-02 -1.409304328262805939e-03
4.184652805328369141e+00 -2.383036613464355469e-01
4.050731658935546875e-03 9.672702290117740631e-03
4.061702728271484375e+00 7.653818130493164062e-01
-3.528028726577758789e-02 5.484635476022958755e-03
6.239943027496337891e+00 4.851814806461334229e-01
3.129392862319946289e-03 2.077227691188454628e-03
5.244677543640136719e+00 -3.917804360389709473e-01
4.463195800781250000e-03 9.949528612196445465e-04
5.340028285980224609e+00 -4.861075058579444885e-02
3.569424152374267578e-03 5.221681203693151474e-04
5.086886882781982422e+00 -1.813965290784835815e-01
-2.719491720199584961e-02 -8.977696415968239307e-04
5.330981254577636719e+00 -1.038303256034851074e+00
1.072049140930175781e-02 -3.087857272475957870e-03
5.171850204467773438e+00 -1.059057831764221191e+00
5.574524402618408203e-04 2.574528334662318230e-03
5.893897056579589844e+00 2.308131754398345947e-01
1.506477594375610352e-02 -3.142291447147727013e-03
5.540489673614501953e+00 -1.006881952285766602e+00
-6.956309080123901367e-03 4.650445189327001572e-03
7.652192592620849609e+00 -4.412348568439483643e-02
-5.023851990699768066e-02 3.268246073275804520e-03
5.218270301818847656e+00 3.591522574424743652e-01
-3.512486815452575684e-02 7.939638569951057434e-03
7.263762474060058594e+00 8.660284280776977539e-01
-1.432806253433227539e-02 1.204945147037506104e-03
5.271027088165283203e+00 -9.350972250103950500e-03
-1.968145370483398438e-03 7.298053242266178131e-03
6.605166435241699219e+00 8.213562369346618652e-01
1.146018505096435547e-02 -3.547600703313946724e-03
7.063760757446289062e+00 -1.195203542709350586e+00
-2.208322286605834961e-02 -3.393306164070963860e-03
5.869708061218261719e+00 -1.057029724121093750e+00
-2.341210842132568359e-02 8.139963028952479362e-04
6.695339202880859375e+00 2.583263516426086426e-01
3.526374697685241699e-02 2.147656977176666260e-01
5.027259826660156250e+00 3.785946846008300781e+00
-3.966495394706726074e-02 8.741687051951885223e-03
4.875958442687988281e+00 1.484313488006591797e+00
-2.680242061614990234e-02 -5.427864380180835724e-03
6.168056488037109375e+00 -1.655127286911010742e+00
-1.585826277732849121e-02 4.612558986991643906e-03
5.386420249938964844e+00 5.167232751846313477e-01
-8.818507194519042969e-04 2.154032699763774872e-03
5.115386962890625000e+00 -1.617821305990219116e-01
-5.993992090225219727e-03 3.666738048195838928e-03
5.943717002868652344e+00 4.519525766372680664e-01
-4.423856735229492188e-03 9.528080001473426819e-03
6.340973377227783203e+00 1.446634411811828613e+00
-3.343820571899414062e-04 -1.987158088013529778e-03
4.981835365295410156e+00 -6.392758488655090332e-01
-1.355126500129699707e-02 4.813557025045156479e-03
7.366018772125244141e+00 6.327208876609802246e-01
-2.271309494972229004e-02 4.169170279055833817e-04
6.868978500366210938e+00 -2.996138036251068115e-01
-2.476692199707031250e-02 5.419177468866109848e-03
5.634143352508544922e+00 3.210768103599548340e-01
3.675937652587890625e-02 1.831212430261075497e-03
4.823301315307617188e+00 3.156309723854064941e-01
-2.039998769760131836e-02 1.755415578372776508e-03
6.415014266967773438e+00 1.964646577835083008e-01
-7.510185241699218750e-03 7.371592801064252853e-04
7.012187004089355469e+00 4.449726641178131104e-01
-3.182739019393920898e-02 2.132289810106158257e-03
4.418937683105468750e+00 -1.501501500606536865e-01
-1.149028539657592773e-02 2.081417012959718704e-03
7.110853672027587891e+00 -2.599119544029235840e-01
-1.057088375091552734e-02 1.123893260955810547e-02
6.012645721435546875e+00 2.711412906646728516e+00
3.031790256500244141e-03 7.172315381467342377e-03
7.649507045745849609e+00 9.767943024635314941e-01
-1.811444759368896484e-02 -1.052119187079370022e-03
5.587674140930175781e+00 -4.662414193153381348e-01
-2.480745315551757812e-03 -3.015866968780755997e-04
6.973137855529785156e+00 -6.018281579017639160e-01
-2.867460250854492188e-02 -7.820481434464454651e-03
5.000931739807128906e+00 -1.369500279426574707e+00
-6.930381059646606445e-03 -9.107578080147504807e-04
4.212905883789062500e+00 -1.196049228310585022e-01
2.581179141998291016e-03 3.215532051399350166e-03
6.062347412109375000e+00 2.720567584037780762e-01
-4.361420869827270508e-03 -5.182916764169931412e-03
4.807377338409423828e+00 -1.173922538757324219e+00
-1.440376043319702148e-02 -1.007715240120887756e-02
4.032250881195068359e+00 -1.857796430587768555e+00
-2.545237541198730469e-02 5.086711607873439789e-03
4.074690818786621094e+00 1.088332176208496094e+00
-5.155012011528015137e-02 5.381214432418346405e-03
5.231298923492431641e+00 7.457774281501770020e-01
-2.872198820114135742e-02 5.859516095370054245e-03
5.098242759704589844e+00 2.754485309123992920e-01
-2.284169197082519531e-02 -2.247147494927048683e-04
5.515138626098632812e+00 -7.420270144939422607e-02
-3.569081425666809082e-02 6.406734697520732880e-03
4.465769767761230469e+00 1.469532996416091919e-01
5.765855312347412109e-03 -2.496517729014158249e-03
6.352893829345703125e+00 -4.086610674858093262e-01
-3.291696310043334961e-02 1.103735715150833130e-02
5.047016143798828125e+00 2.210338592529296875e+00
-3.342390060424804688e-02 1.771475654095411301e-03
6.388824462890625000e+00 -1.711614131927490234e-01
-1.076757907867431641e-03 -3.418547566980123520e-04
6.363006591796875000e+00 -3.959566056728363037e-01
-2.472102642059326172e-03 1.950537553057074547e-03
6.488805294036865234e+00 5.885736644268035889e-02
-2.274349331855773926e-02 6.284888368099927902e-03
6.460016250610351562e+00 7.014185190200805664e-01
-3.819167613983154297e-02 -4.527043551206588745e-03
4.150298118591308594e+00 -1.123661279678344727e+00
1.489073038101196289e-02 -3.031434491276741028e-03
5.957178115844726562e+00 -5.501088500022888184e-01
8.189678192138671875e-04 -8.141102269291877747e-03
5.481811046600341797e+00 -2.128207445144653320e+00
-2.294778823852539062e-05 -4.568326286971569061e-03
5.007565021514892578e+00 -2.200994729995727539e+00
-2.251565456390380859e-03 -5.714181344956159592e-03
5.234119892120361328e+00 -9.143782854080200195e-01
-1.448988914489746094e-02 3.533514216542243958e-03
6.927961349487304688e+00 1.007469534873962402e+00
-2.378970384597778320e-03 5.067359656095504761e-03
5.702711105346679688e+00 4.016766250133514404e-01
-9.304285049438476562e-03 7.153721526265144348e-05
4.682848930358886719e+00 -6.347231864929199219e-01
-1.230448484420776367e-02 -2.234119921922683716e-03
5.565279960632324219e+00 -9.978387355804443359e-01
-7.332265377044677734e-03 2.165720798075199127e-04
5.953881740570068359e+00 -6.512752771377563477e-01
-2.951294183731079102e-02 1.817266456782817841e-03
7.063757896423339844e+00 5.820981264114379883e-01
-3.593623638153076172e-02 1.050886604934930801e-02
5.403678417205810547e+00 2.591128110885620117e+00
-5.234986543655395508e-02 1.754640252329409122e-03
6.394793987274169922e+00 -4.143298417329788208e-02
-4.083186388015747070e-02 3.348267637193202972e-03
5.914081573486328125e+00 1.071434393525123596e-01
-1.785844564437866211e-02 1.659590052440762520e-03
5.423267364501953125e+00 2.182946354150772095e-01
-3.195777535438537598e-02 1.932751620188355446e-03
6.157120704650878906e+00 3.358678519725799561e-01
1.313865184783935547e-02 1.438920153304934502e-03
6.912836551666259766e+00 4.221264123916625977e-01
1.247450709342956543e-02 -4.629492294043302536e-03
6.441166400909423828e+00 -1.376459121704101562e+00
-2.467244863510131836e-02 5.897175520658493042e-03
7.554300308227539062e+00 7.450538277626037598e-01
-5.606055259704589844e-02 -1.553940819576382637e-04
7.448560714721679688e+00 -5.938894748687744141e-01
3.550842404365539551e-02 -3.264829050749540329e-03
6.372641563415527344e+00 -1.097169280052185059e+00
-1.826584339141845703e-02 7.660415954887866974e-03
3.356976032257080078e+00 1.411630034446716309e+00
-1.091510057449340820e-02 3.843784797936677933e-03
6.553727149963378906e+00 3.710393309593200684e-01
-1.796543598175048828e-02 1.148823276162147522e-02
5.502387046813964844e+00 1.712239861488342285e+00
-1.367658376693725586e-02 -2.723246347159147263e-03
6.369843006134033203e+00 -8.273215293884277344e-01
-2.665579319000244141e-02 -2.405977342277765274e-03
6.184741020202636719e+00 -7.809665799140930176e-01
-1.551687717437744141e-02 -4.844848997890949249e-03
3.863333225250244141e+00 -1.208475589752197266e+00
-1.365363597869873047e-02 -3.889180952683091164e-03
6.870100498199462891e+00 -8.218348622322082520e-01
-9.922385215759277344e-03 -6.917753489688038826e-04
8.200751304626464844e+00 -1.559285968542098999e-01
-2.267003059387207031e-02 -1.082476228475570679e-04
6.830060482025146484e+00 -2.651683986186981201e-01
2.341911196708679199e-02 -2.774291206151247025e-03
5.695731163024902344e+00 -1.022913575172424316e+00
-2.364099025726318359e-02 4.692429210990667343e-03
4.793195724487304688e+00 1.754120290279388428e-01
-1.639276742935180664e-02 1.485387911088764668e-03
6.542051315307617188e+00 -1.045225933194160461e-01
1.559913158416748047e-02 6.867535412311553955e-03
6.702848434448242188e+00 1.580487728118896484e+00
-3.095388412475585938e-02 2.655035350471735001e-03
4.478429794311523438e+00 4.766431450843811035e-01
-2.631157636642456055e-02 4.416454583406448364e-03
3.074971437454223633e+00 2.816143035888671875e-01
-2.430379390716552734e-03 6.795725785195827484e-03
6.972928524017333984e+00 9.056124687194824219e-01
-2.568423748016357422e-02 1.069786492735147476e-02
6.438434123992919922e+00 1.088414549827575684e+00
-3.103464841842651367e-02 8.218158967792987823e-03
5.621761798858642578e+00 1.749844670295715332e+00
-8.375197649002075195e-03 2.099879784509539604e-03
5.681726455688476562e+00 1.361703276634216309e-01
1.531839370727539062e-04 -2.798548666760325432e-03
5.554959774017333984e+00 -3.371194601058959961e-01
-3.786921501159667969e-02 7.634714711457490921e-03
5.569212913513183594e+00 1.426460981369018555e+00
-4.352539777755737305e-02 6.742552854120731354e-03
6.264861106872558594e+00 1.057769179344177246e+00
3.411471843719482422e-03 2.501255366951227188e-03
6.237730026245117188e+00 2.065513730049133301e-01
-8.654296398162841797e-03 -3.922055009752511978e-03
5.796328067779541016e+00 -3.381469845771789551e-01
-2.527147531509399414e-02 -6.525006028823554516e-04
6.773118972778320312e+00 -6.795135736465454102e-01
1.697883009910583496e-02 4.283094312995672226e-03
6.622383594512939453e+00 3.982639908790588379e-01
8.147954940795898438e-03 7.685099262744188309e-04
5.644391059875488281e+00 1.888647377490997314e-01
1.299917697906494141e-02 8.792160078883171082e-03
5.130445480346679688e+00 1.175974369049072266e+00
-3.894567489624023438e-03 2.701070625334978104e-03
6.585954666137695312e+00 3.112820982933044434e-01
-4.766657948493957520e-02 5.878920201212167740e-03
5.623946666717529297e+00 7.912030220031738281e-01
1.505613327026367188e-02 1.371046528220176697e-03
6.079606056213378906e+00 1.752352714538574219e-01
-7.861852645874023438e-03 4.639809485524892807e-03
7.482038021087646484e+00 4.719856381416320801e-01
1.613482832908630371e-02 2.635577693581581116e-03
5.212080478668212891e+00 2.554921805858612061e-01
-4.984945058822631836e-02 1.199114322662353516e-02
4.601779937744140625e+00 1.764457106590270996e+00
-5.579888820648193359e-03 3.522265469655394554e-03
6.229924201965332031e+00 1.935277581214904785e-01
-2.503424882888793945e-02 7.087506819516420364e-03
5.762829303741455078e+00 1.058754682540893555e+00
9.326338768005371094e-03 3.387109609320759773e-04
4.267047405242919922e+00 2.476374506950378418e-01
1.113116741180419922e-03 3.180502681061625481e-03
5.401444435119628906e+00 3.021788895130157471e-01
4.171729087829589844e-03 4.256400279700756073e-03
5.974215507507324219e+00 3.783082365989685059e-01
-2.387344837188720703e-02 -5.340244621038436890e-03
6.662989139556884766e+00 -1.704698085784912109e+00
-2.145066857337951660e-02 1.986168026924133301e-01
5.462057590484619141e+00 3.459336519241333008e+00
-3.469511866569519043e-02 2.807369455695152283e-03
6.656377792358398438e+00 -1.910214424133300781e-01
1.776665449142456055e-03 6.509313825517892838e-03
5.615309715270996094e+00 1.146319627761840820e+00
1.052588224411010742e-02 -3.438590094447135925e-03
4.322496891021728516e+00 -1.007826089859008789e+00
-3.506839275360107422e-03 6.940715014934539795e-03
5.551049232482910156e+00 8.599593639373779297e-01
-8.212625980377197266e-03 3.805099986493587494e-03
4.389291286468505859e+00 1.290971636772155762e-01
-5.300164222717285156e-02 3.672027960419654846e-03
5.366483688354492188e+00 2.354194223880767822e-01
-1.595795154571533203e-02 2.672997070476412773e-03
6.900365829467773438e+00 -1.140127032995223999e-01
-1.291319727897644043e-02 -1.631254563108086586e-03
4.914694309234619141e+00 -1.245168149471282959e-01
-2.314433455467224121e-02 -8.167268242686986923e-04
3.590600967407226562e+00 -2.593898177146911621e-01
-1.701712608337402344e-03 -2.066839020699262619e-03
7.111861705780029297e+00 -9.263604283332824707e-01
1.600921154022216797e-02 -9.524624329060316086e-04
6.548134803771972656e+00 -3.830042481422424316e-01
-1.314938068389892578e-02 8.032508194446563721e-03
4.957686424255371094e+00 1.044766306877136230e+00
-2.746656537055969238e-02 5.751257762312889099e-03
6.139393806457519531e+00 1.061118125915527344e+00
-8.251965045928955078e-03 4.701195284724235535e-03
5.786098957061767578e+00 1.218037366867065430e+00
-1.005709171295166016e-02 2.240195171907544136e-03
4.591664314270019531e+00 -1.053803600370883942e-02
-9.006857872009277344e-03 -5.874587805010378361e-04
4.651723384857177734e+00 -6.074762940406799316e-01
-1.816913485527038574e-02 4.117692820727825165e-03
5.739187717437744141e+00 8.675044775009155273e-02
-1.396089792251586914e-03 2.618101425468921661e-03
6.330651283264160156e+00 1.338558197021484375e-01
-3.109812736511230469e-02 9.907840285450220108e-04
6.167579174041748047e+00 -2.265350818634033203e-01
-8.446872234344482422e-03 -4.405903629958629608e-03
5.513173103332519531e+00 -1.152154922485351562e+00
-3.128603100776672363e-02 7.009226828813552856e-03
7.039924144744873047e+00 1.132691621780395508e+00
1.975491642951965332e-02 2.126341685652732849e-03
4.955379962921142578e+00 3.809072077274322510e-02
-2.266019582748413086e-02 1.222236896865069866e-03
7.159165382385253906e+00 -2.706675529479980469e-01
-3.572627902030944824e-02 9.129353798925876617e-03
4.846975803375244141e+00 1.880250930786132812e+00
-4.778459668159484863e-02 7.573119364678859711e-03
5.670861244201660156e+00 5.434317588806152344e-01
1.849174499511718750e-02 3.379897214472293854e-03
4.342548370361328125e+00 9.879246354103088379e-01
1.434564590454101562e-02 -1.070522936061024666e-03
6.153548240661621094e+00 -3.525519371032714844e-01
9.160041809082031250e-03 9.061745367944240570e-03
6.022213935852050781e+00 1.205889701843261719e+00
-3.600776195526123047e-02 -6.644561886787414551e-03
6.540644645690917969e+00 -1.630794763565063477e+00
-3.039985895156860352e-03 -1.043092925101518631e-04
6.723104476928710938e+00 -3.050944507122039795e-01
-4.334002733230590820e-03 4.016915336251258850e-03
5.708130836486816406e+00 3.760932683944702148e-01
-3.471851348876953125e-02 4.296185914427042007e-03
6.925797462463378906e+00 1.008996367454528809e+00
-1.231968402862548828e-02 -1.009574043564498425e-03
5.980241775512695312e+00 -3.188889920711517334e-01
-7.409363985061645508e-02 5.414830520749092102e-03
5.402082443237304688e+00 5.126256942749023438e-01
9.812712669372558594e-03 -1.700155064463615417e-02
4.739995002746582031e+00 -2.365185737609863281e+00
-1.235440373420715332e-02 4.288592375814914703e-03
3.874116182327270508e+00 3.704159259796142578e-01
-6.989091634750366211e-03 -2.368059009313583374e-03
5.110172271728515625e+00 -1.332083821296691895e+00
-2.723962068557739258e-02 7.009999826550483704e-03
6.992623805999755859e+00 9.772146940231323242e-01
-3.986090421676635742e-02 4.374407231807708740e-03
7.511466026306152344e+00 3.453288972377777100e-01
1.258552074432373047e-03 -5.049757659435272217e-03
6.249678611755371094e+00 -1.455894470214843750e+00
1.532599329948425293e-02 -9.687881916761398315e-03
5.323380470275878906e+00 -2.099047183990478516e+00
-5.680263042449951172e-02 1.020667981356382370e-02
6.478008270263671875e+00 1.501707553863525391e+00
-3.806769847869873047e-02 8.422167971730232239e-03
5.693030357360839844e+00 9.479134082794189453e-01
-1.551568508148193359e-02 1.427058130502700806e-02
5.326807498931884766e+00 2.890261650085449219e+00
-3.794178366661071777e-02 2.443478442728519440e-03
3.397239208221435547e+00 -2.562379598617553711e+00
-3.367096185684204102e-02 2.094708615913987160e-03
7.797403335571289062e+00 3.374305367469787598e-02
-1.688390970230102539e-02 8.313957601785659790e-03
6.188594818115234375e+00 1.479330062866210938e+00
-7.836669683456420898e-03 4.492340609431266785e-03
5.790219306945800781e+00 4.855244755744934082e-01
-2.408057451248168945e-02 -7.642121054232120514e-03
6.908431053161621094e+00 -1.772008657455444336e+00
-3.008216619491577148e-02 7.988380268216133118e-03
5.548863410949707031e+00 1.332302331924438477e+00
-1.963332295417785645e-02 -2.670522313565015793e-03
7.470810413360595703e+00 -9.665861129760742188e-01
-3.019809722900390625e-02 -4.023822839371860027e-04
6.219155311584472656e+00 -5.653440356254577637e-01
3.904104232788085938e-03 -2.165972488000988960e-03
5.491522789001464844e+00 -5.951586961746215820e-01
-2.128690481185913086e-02 1.064971275627613068e-02
6.350639343261718750e+00 1.969320654869079590e+00
-1.767098903656005859e-02 8.590637892484664917e-02
3.669486999511718750e+00 3.098786115646362305e+00
-2.199709415435791016e-03 -5.597851122729480267e-04
6.254524230957031250e+00 -2.350852638483047485e-01
-1.720994710922241211e-02 -1.141024054959416389e-03
6.158640384674072266e+00 -7.597384452819824219e-01
-5.101099610328674316e-02 1.188566675409674644e-03
4.168438911437988281e+00 9.232808649539947510e-02
-4.592239856719970703e-02 1.027055550366640091e-02
5.096693038940429688e+00 2.029168367385864258e+00
-2.668797969818115234e-02 -5.087434872984886169e-02
5.884871959686279297e+00 -2.932671546936035156e+00
8.755028247833251953e-03 7.466849638149142265e-04
6.214910030364990234e+00 -5.582324266433715820e-01
-2.364486455917358398e-02 -1.104467664845287800e-03
4.778078079223632812e+00 -3.681113123893737793e-01
-4.039704799652099609e-02 1.580137759447097778e-03
5.946521282196044922e+00 -1.841353625059127808e-02
-1.450508832931518555e-02 3.558245953172445297e-03
5.795198440551757812e+00 8.577750921249389648e-01
-3.268629312515258789e-02 4.210350103676319122e-03
6.331443786621093750e+00 5.396587252616882324e-01
1.661121845245361328e-02 -8.044121786952018738e-03
5.373440742492675781e+00 -1.947048425674438477e+00
-1.732289791107177734e-02 -6.600469350814819336e-03
4.833486080169677734e+00 -1.847134351730346680e+00
6.425976753234863281e-03 3.747058100998401642e-03
6.425358772277832031e+00 3.513913750648498535e-01
-2.019017934799194336e-02 2.729924162849783897e-03
6.628686904907226562e+00 8.174005746841430664e-01
-2.012327313423156738e-02 -5.690190941095352173e-03
5.622310638427734375e+00 -1.192122340202331543e+00
-4.237428307533264160e-02 -1.906440593302249908e-03
6.796755313873291016e+00 -6.217192411422729492e-01
-2.935528755187988281e-03 2.238835440948605537e-04
6.646058559417724609e+00 -2.268795371055603027e-01
3.426104784011840820e-02 4.288660362362861633e-03
5.484715461730957031e+00 6.347466707229614258e-01
-2.357214689254760742e-02 9.840765967965126038e-03
6.024800300598144531e+00 1.791413903236389160e+00
-3.526389598846435547e-02 2.512823790311813354e-02
4.290100097656250000e+00 -2.945188045501708984e+00
3.949254751205444336e-03 -6.498437374830245972e-03
5.972855091094970703e+00 -1.657561182975769043e+00
-1.211732625961303711e-02 4.632747732102870941e-03
5.233808040618896484e+00 6.565992832183837891e-01
-1.058608293533325195e-02 -3.696298692375421524e-03
6.362223148345947266e+00 -9.850763082504272461e-01
-5.984604358673095703e-03 4.272256046533584595e-04
6.183146476745605469e+00 1.512766350060701370e-02
-1.715153455734252930e-02 -6.813019979745149612e-03
5.060660839080810547e+00 -1.942529201507568359e+00
-2.154007554054260254e-02 -9.534962009638547897e-04
5.885207653045654297e+00 -5.719345211982727051e-01
-3.249317407608032227e-02 6.348919123411178589e-04
7.679753780364990234e+00 1.861006952822208405e-02
7.035136222839355469e-03 2.438133815303444862e-03
6.359324455261230469e+00 -6.613747030496597290e-02
1.039147377014160156e-02 3.325712168589234352e-03
7.102655410766601562e+00 3.947521746158599854e-01
1.710161566734313965e-02 -1.526458654552698135e-03
5.949357032775878906e+00 -1.581253856420516968e-01
-4.991710186004638672e-02 3.875781223177909851e-02
4.785617351531982422e+00 2.924456834793090820e+00
8.932054042816162109e-03 7.170943170785903931e-02
5.216985225677490234e+00 2.570148944854736328e+00
-3.101199865341186523e-02 4.554168321192264557e-03
4.393848419189453125e+00 2.100606262683868408e-01
-2.996638417243957520e-02 2.275824081152677536e-03
4.238175868988037109e+00 1.594183146953582764e-01
-2.254635095596313477e-02 -4.869695752859115601e-03
5.072567462921142578e+00 -1.151263594627380371e+00
-3.288179636001586914e-02 2.222188049927353859e-03
5.961086273193359375e+00 1.226101070642471313e-02
5.616694688796997070e-03 3.545786719769239426e-03
5.263306617736816406e+00 -1.255459934473037720e-01
-1.004636287689208984e-03 -6.360027007758617401e-03
8.168008804321289062e+00 -2.758529782295227051e-01
-5.002751946449279785e-02 1.544461119920015335e-03
6.099615097045898438e+00 1.662313938140869141e-02
-2.870857715606689453e-03 -1.634693238884210587e-03
5.893870353698730469e+00 -3.753159940242767334e-01
-2.509146928787231445e-02 3.759922692552208900e-03
5.381840705871582031e+00 9.382086396217346191e-01
8.621215820312500000e-03 -1.215012511238455772e-03
6.838060379028320312e+00 -6.792222857475280762e-01
-1.773416996002197266e-02 -2.673439681529998779e-03
6.163043498992919922e+00 -9.694156646728515625e-01
1.119226217269897461e-02 5.456239450722932816e-03
6.217201232910156250e+00 1.201045632362365723e+00
-5.775988101959228516e-03 -2.124781021848320961e-03
5.379850864410400391e+00 -7.020360827445983887e-01
3.791600465774536133e-03 2.373813651502132416e-03
4.395166873931884766e+00 -9.757108241319656372e-02
-9.808093309402465820e-03 -1.072689192369580269e-03
7.204496860504150391e+00 -7.596261501312255859e-01
-1.139044761657714844e-03 3.133745631203055382e-03
6.080033779144287109e+00 2.072800993919372559e-01
-2.815604209899902344e-02 6.346049718558788300e-03
5.215720176696777344e+00 1.674869775772094727e+00
1.638084650039672852e-03 -5.587921477854251862e-03
5.216876029968261719e+00 -1.422580718994140625e+00
5.892515182495117188e-03 3.681511152535676956e-03
6.188950538635253906e+00 4.906583428382873535e-01
-8.797049522399902344e-03 1.551670720800757408e-04
4.816320419311523438e+00 -1.436376422643661499e-01
-4.352927207946777344e-02 6.636411417275667191e-03
6.773546218872070312e+00 9.693462848663330078e-01
-2.670049667358398438e-02 -2.305416390299797058e-03
5.976393222808837891e+00 -5.371635556221008301e-01
5.632340908050537109e-03 3.696659114211797714e-03
6.697422981262207031e+00 1.023281693458557129e+00
-3.581896424293518066e-02 5.600146017968654633e-03
5.400763511657714844e+00 3.295543789863586426e-01
-3.786683082580566406e-03 8.914771024137735367e-04
7.294859409332275391e+00 -6.544115394353866577e-02
-1.884847879409790039e-02 2.576125552877783775e-04
6.003590583801269531e+00 -1.561360508203506470e-01
-3.620535135269165039e-03 -1.790836919099092484e-03
5.949251651763916016e+00 -3.154849410057067871e-01
8.580386638641357422e-03 3.799303667619824409e-03
6.047375679016113281e+00 1.062237262725830078e+00
-5.600735545158386230e-02 -2.951407805085182190e-04
5.990951061248779297e+00 -2.410484850406646729e-01
-2.009809017181396484e-02 -3.012806409969925880e-03
5.474878311157226562e+00 -6.635609269142150879e-01
-9.158253669738769531e-03 3.599218325689435005e-03
5.048016548156738281e+00 2.986827865242958069e-02
-1.096740365028381348e-02 -3.283175174146890640e-03
5.332612991333007812e+00 -7.046773433685302734e-01
-1.151680946350097656e-02 3.884809557348489761e-03
6.159784317016601562e+00 1.565695106983184814e-01
2.107530832290649414e-02 5.665175616741180420e-03
6.037101745605468750e+00 1.174142003059387207e+00
2.518296241760253906e-03 5.219203885644674301e-03
6.115540504455566406e+00 4.419267177581787109e-01
1.205742359161376953e-02 3.322430420666933060e-03
6.769386291503906250e+00 4.423531293869018555e-01
-3.355994820594787598e-02 5.539366044104099274e-03
5.272390842437744141e+00 1.911928772926330566e+00
3.045722842216491699e-02 1.135442871600389481e-03
6.092600822448730469e+00 3.308975100517272949e-01
3.519505262374877930e-03 1.174713252112269402e-03
5.397937774658203125e+00 -1.085928529500961304e-01
-2.101927995681762695e-02 9.978190064430236816e-05
6.062888622283935547e+00 1.540736407041549683e-01
-4.055351018905639648e-02 -1.199987251311540604e-03
3.113061904907226562e+00 -1.279108226299285889e-01
-6.919503211975097656e-03 4.965369589626789093e-04
6.376912593841552734e+00 -3.360617756843566895e-01
3.568381071090698242e-02 2.829357981681823730e-05
5.100606918334960938e+00 5.811114311218261719e-01
-2.671808004379272461e-02 2.208732767030596733e-03
7.009091377258300781e+00 -2.953296601772308350e-01
2.500712871551513672e-03 -1.179523766040802002e-03
6.248005867004394531e+00 -5.851500034332275391e-01
-5.742430686950683594e-02 9.201263310387730598e-04
6.622540473937988281e+00 3.082227893173694611e-02
-1.971319317817687988e-02 -1.125647453591227531e-03
5.774785995483398438e+00 -3.942949175834655762e-01
-3.855615854263305664e-02 1.317120157182216644e-02
4.649547576904296875e+00 1.824201822280883789e+00
-1.652970910072326660e-02 5.754110403358936310e-03
7.040371417999267578e+00 5.605565309524536133e-01
-2.332776784896850586e-02 8.582846261560916901e-03
6.260014057159423828e+00 2.623339295387268066e-01
-1.116454601287841797e-02 -1.083031296730041504e-03
6.931643486022949219e+00 -2.711403667926788330e-01
-5.092710256576538086e-02 7.381113246083259583e-03
5.989592075347900391e+00 4.219644963741302490e-01
-1.766651868820190430e-02 3.914279863238334656e-03
5.928434371948242188e+00 2.115546911954879761e-01
-5.156844854354858398e-03 4.330039024353027344e-03
5.650299072265625000e+00 8.426281213760375977e-01
-1.283094286918640137e-02 1.953477039933204651e-03
6.535124301910400391e+00 2.227253019809722900e-01
-4.801571369171142578e-02 1.184095628559589386e-02
3.783750534057617188e+00 2.223257303237915039e+00
-1.449882984161376953e-02 6.098848767578601837e-03
6.509431838989257812e+00 9.619712233543395996e-01
8.785128593444824219e-03 -1.269904896616935730e-04
7.811268806457519531e+00 -4.721193909645080566e-01
-1.741498708724975586e-02 1.872472278773784637e-02
6.690783023834228516e+00 2.627864360809326172e+00
-5.371570587158203125e-02 3.850485663861036301e-03
4.840257644653320312e+00 1.700889766216278076e-01
2.977252006530761719e-04 3.217179793864488602e-03
5.043781280517578125e+00 9.875025749206542969e-01
-1.909971237182617188e-02 -8.123412728309631348e-03
6.005365371704101562e+00 -1.819625377655029297e+00
-5.415081977844238281e-04 -3.501190803945064545e-05
6.721839904785156250e+00 -5.715438127517700195e-01
-2.966642379760742188e-02 6.601598579436540604e-04
3.833667993545532227e+00 -3.130421340465545654e-01
-1.615136861801147461e-03 -1.658015884459018707e-03
6.671991348266601562e+00 2.126350067555904388e-02
-1.051008701324462891e-02 3.074885606765747070e-01
4.759706974029541016e+00 4.063042163848876953e+00
-1.367449760437011719e-02 2.663006307557225227e-03
6.422290802001953125e+00 1.166803240776062012e-01
-3.103852272033691406e-02 3.514396492391824722e-03
4.848540306091308594e+00 -9.393319487571716309e-04
1.502782106399536133e-02 1.512444578111171722e-03
7.295110702514648438e+00 -2.940810918807983398e-01
-7.279962301254272461e-03 4.974397830665111542e-03
7.857928276062011719e+00 6.933454275131225586e-01
-6.202906370162963867e-03 -2.068213885650038719e-03
6.777281761169433594e+00 -1.018411040306091309e+00
2.426981925964355469e-02 3.529721871018409729e-03
4.808980941772460938e+00 -5.232118815183639526e-02
-7.139593362808227539e-03 7.566448766738176346e-04
5.710613727569580078e+00 -4.622123241424560547e-01
-1.513823866844177246e-02 5.555222742259502411e-03
6.621101379394531250e+00 2.785174250602722168e-01
-3.991574048995971680e-02 9.385323151946067810e-03
3.937420845031738281e+00 1.419619917869567871e+00
-2.892091870307922363e-02 -1.209108741022646427e-03
3.876488447189331055e+00 -7.184969782829284668e-01
-2.844184637069702148e-02 -1.281160512007772923e-03
6.267825126647949219e+00 -5.165826082229614258e-01
-1.718193292617797852e-02 4.517410416156053543e-03
5.433495044708251953e+00 5.320178866386413574e-01
2.337127923965454102e-02 5.792830139398574829e-03
5.732123851776123047e+00 3.048673272132873535e-01
-4.218742251396179199e-02 7.402154151350259781e-03
7.120130538940429688e+00 1.235814571380615234e+00
2.005338668823242188e-02 8.347120136022567749e-03
4.308468818664550781e+00 1.828570961952209473e+00
-3.864765167236328125e-03 -4.566888790577650070e-03
5.728180408477783203e+00 -1.487702250480651855e+00
-4.753112792968750000e-02 1.462941616773605347e-01
6.130052566528320312e+00 3.305297851562500000e+00
-2.240389585494995117e-02 -2.229552250355482101e-03
6.280586719512939453e+00 -5.044600367546081543e-01
-1.792788505554199219e-02 2.269693184643983841e-03
5.162956237792968750e+00 1.207635924220085144e-01
2.829015254974365234e-02 5.302414298057556152e-03
4.719400882720947266e+00 5.334514379501342773e-01
-1.567468047142028809e-02 5.502244457602500916e-03
7.256895065307617188e+00 1.083876490592956543e+00
-1.693725585937500000e-02 3.640770446509122849e-03
4.736705303192138672e+00 6.330370903015136719e-01
-1.843333244323730469e-02 4.060660488903522491e-03
4.827921867370605469e+00 8.827009797096252441e-01
-4.146307706832885742e-02 2.932181116193532944e-03
6.610470771789550781e+00 5.015628933906555176e-01
-1.363098621368408203e-02 -4.813954699784517288e-03
5.397339820861816406e+00 -1.455544352531433105e+00
2.187341451644897461e-03 -1.223939703777432442e-03
5.550794601440429688e+00 -6.287069320678710938e-01
-4.889339208602905273e-02 -1.883329823613166809e-03
4.935437202453613281e+00 -1.557949036359786987e-01
-4.249721765518188477e-02 2.808274701237678528e-02
6.279500961303710938e+00 3.071058273315429688e+00
4.806220531463623047e-03 -5.302862264215946198e-03
7.018644332885742188e+00 -1.615301489830017090e+00
-4.671633243560791016e-02 -4.367500543594360352e-03
6.320221424102783203e+00 -8.469530344009399414e-01
-2.060383558273315430e-02 -4.876291379332542419e-03
5.626077651977539062e+00 -6.223935484886169434e-01
-7.235109806060791016e-03 -3.096181666478514671e-03
6.351394176483154297e+00 -1.010654211044311523e+00
-3.670692443847656250e-02 2.621600870043039322e-03
3.139817476272583008e+00 5.423526763916015625e-01
1.885771751403808594e-02 -1.021832693368196487e-02
4.956051349639892578e+00 -2.141831874847412109e+00
-5.081206560134887695e-02 2.246749354526400566e-03
7.169479370117187500e+00 6.502554416656494141e-01
-3.309935331344604492e-02 -1.527037238702178001e-04
5.437540054321289062e+00 -6.139651685953140259e-02
2.466142177581787109e-03 -2.266569528728723526e-03
6.670761108398437500e+00 -1.129992485046386719e+00
-3.689408302307128906e-02 4.256602842360734940e-03
5.608184337615966797e+00 2.931354045867919922e-01
-4.614144563674926758e-03 7.855269359424710274e-04
5.446299552917480469e+00 -2.571299970149993896e-01
-4.168033599853515625e-02 -7.745984476059675217e-03
5.432218551635742188e+00 -1.475291371345520020e+00
-1.356899738311767578e-02 3.476303070783615112e-03
7.167606353759765625e+00 7.748411595821380615e-02
