-7.368069782387465239e-05 9.118999878410249949e-05
5.120699882507324219e+00 -6.831409931182861328e-01
7.971390150487422943e-04 -1.113660051487386227e-03
6.799330234527587891e+00 -4.866220057010650635e-01
-8.837309433147311211e-04 -2.683860016986727715e-03
7.676109790802001953e+00 -2.573660016059875488e-01
1.700660213828086853e-04 -1.343159965472295880e-04
5.008800029754638672e+00 1.365100026130676270e+00
2.100520068779587746e-03 1.122809946537017822e-03
5.238379955291748047e+00 -1.630319952964782715e+00
1.321539981290698051e-03 -9.239389910362660885e-04
7.031459808349609375e+00 1.066429972648620605e+00
6.644980050623416901e-03 1.403549918904900551e-03
4.863450050354003906e+00 9.754880331456661224e-03
8.279859903268516064e-04 -9.998229797929525375e-04
6.600860595703125000e+00 -1.353349924087524414e+00
-5.460910033434629440e-03 2.701500058174133301e-02
4.662789821624755859e+00 3.951910138130187988e-01
9.889899956760928035e-05 -8.082600106718018651e-05
5.435739517211914062e+00 6.989840269088745117e-01
-2.568319905549287796e-03 1.370440004393458366e-03
6.542739868164062500e+00 9.738609939813613892e-02
3.681220114231109619e-03 4.349220078438520432e-03
6.206079483032226562e+00 6.252290010452270508e-01
9.551390074193477631e-03 7.100219954736530781e-04
5.067239761352539062e+00 -9.903749823570251465e-02
-2.136139897629618645e-03 2.295619994401931763e-02
6.004909992218017578e+00 -1.914059996604919434e+00
2.096730051562190056e-03 -1.566209946759045124e-03
6.531569957733154297e+00 -2.975600063800811768e-01
1.170219984487630427e-04 -2.226979937404394150e-03
6.251090049743652344e+00 -8.583179675042629242e-03
-1.420850021531805396e-04 -2.397190080955624580e-03
5.597990036010742188e+00 8.633620142936706543e-01
2.454529982060194016e-03 -9.203310124576091766e-03
3.777770042419433594e+00 -1.597680002450942993e-01
4.016729944851249456e-04 -5.592079833149909973e-05
5.069280147552490234e+00 -7.942559719085693359e-01
2.912950003519654274e-03 -3.353159874677658081e-03
4.873690128326416016e+00 3.397919893264770508e+00
1.047509955242276192e-03 1.569950021803379059e-03
5.656050682067871094e+00 -5.380780100822448730e-01
-1.450040028430521488e-03 -9.287400171160697937e-04
6.457759857177734375e+00 -7.733290195465087891e-01
-1.486429944634437561e-03 -6.765450234524905682e-04
3.645460128784179688e+00 -4.960229992866516113e-01
-3.333459899295121431e-04 2.922530111391097307e-04
7.330809593200683594e+00 5.914769768714904785e-01
2.719030017033219337e-04 2.508659963496029377e-04
5.397409915924072266e+00 1.823469996452331543e-01
4.641019622795283794e-04 -6.390110589563846588e-03
4.798170089721679688e+00 2.573379874229431152e-01
-1.225879997946321964e-03 -4.409780085552483797e-04
6.699389934539794922e+00 1.885540008544921875e+00
-5.240260361460968852e-05 3.349810140207409859e-05
5.752039909362792969e+00 -2.086149930953979492e+00
-1.197940000565722585e-04 -1.803060004021972418e-04
4.450369834899902344e+00 4.814530014991760254e-01
2.466779900714755058e-03 8.093190379440784454e-03
4.494979858398437500e+00 -1.342309988103806973e-03
9.263990446925163269e-03 1.029490027576684952e-03
5.414780616760253906e+00 -7.435730099678039551e-01
7.652109954506158829e-03 1.123039983212947845e-02
5.770150184631347656e+00 -1.837899908423423767e-02
-1.030420046299695969e-02 2.410569973289966583e-02
4.899759769439697266e+00 2.428790032863616943e-01
5.559370038099586964e-04 -3.433689998928457499e-04
4.043089866638183594e+00 1.638239920139312744e-01
-8.487149898428469896e-05 5.521710136235924438e-06
4.252369880676269531e+00 -4.939019978046417236e-01
-4.076240002177655697e-04 -4.454280133359134197e-05
6.569290161132812500e+00 1.161010026931762695e+00
-2.058249898254871368e-03 -1.901129959151148796e-03
6.333650588989257812e+00 8.936799764633178711e-01
8.496699738316237926e-04 -4.201240080874413252e-04
5.380390167236328125e+00 -2.403320074081420898e+00
1.610380131751298904e-04 -8.093399810604751110e-05
5.547929763793945312e+00 5.039389729499816895e-01
4.419909790158271790e-03 2.516859909519553185e-03
6.860320091247558594e+00 6.258480548858642578e-01
2.787869889289140701e-04 -2.361349994316697121e-03
5.871900558471679688e+00 -5.488579869270324707e-01
4.930470138788223267e-03 9.409089572727680206e-03
5.859370231628417969e+00 -2.386709928512573242e+00
-2.247879980131983757e-03 -1.660080044530332088e-03
5.964340209960937500e+00 -1.214670017361640930e-01
9.939869050867855549e-05 -6.631470023421570659e-05
6.426720142364501953e+00 2.166980028152465820e+00
-5.069050192832946777e-02 -5.822959914803504944e-02
4.076869964599609375e+00 8.287559747695922852e-01
1.143109984695911407e-03 6.064639892429113388e-03
4.066430091857910156e+00 -8.825380206108093262e-01
1.908850099425762892e-04 6.083850166760385036e-04
7.661459922790527344e+00 -9.500439167022705078e-01
1.492390036582946777e-02 -7.531390110671054572e-06
5.455580234527587891e+00 1.437679976224899292e-01
-9.466880001127719879e-04 1.319980015978217125e-03
4.746930122375488281e+00 -2.471319913864135742e+00
3.471589880064129829e-04 1.275639981031417847e-02
4.553090095520019531e+00 4.987510442733764648e-01
2.399930031970143318e-03 -3.517559962347149849e-04
6.431960105895996094e+00 -2.947559952735900879e-01
-2.954789903014898300e-03 1.692760037258267403e-03
7.018449783325195312e+00 4.918470382690429688e-01
-4.033269826322793961e-03 5.275749717839062214e-04
5.474549293518066406e+00 2.547569751739501953e+00
-7.792090065777301788e-03 -4.700649878941476345e-04
4.937789916992187500e+00 -3.148180007934570312e+00
-1.409539981978014112e-04 9.934640256687998772e-04
5.111320018768310547e+00 1.083640009164810181e-01
-9.977869922295212746e-04 5.175810307264328003e-03
5.562029838562011719e+00 -7.826970815658569336e-01
-8.285859803436324000e-05 3.178169950842857361e-03
6.585060119628906250e+00 -6.595420241355895996e-01
1.008159946650266647e-03 -1.040500006638467312e-03
7.346129894256591797e+00 -6.419780254364013672e-01
-1.199860009364783764e-03 3.758399980142712593e-04
6.022759437561035156e+00 8.877980113029479980e-01
7.559369318187236786e-03 -9.631079738028347492e-04
4.799439907073974609e+00 3.377940177917480469e+00
-1.014250010484829545e-04 -2.940220001619309187e-04
7.692019939422607422e+00 -4.797039926052093506e-01
2.677289885468780994e-04 1.434570003766566515e-04
3.620409965515136719e+00 2.363539934158325195e+00
2.175729954615235329e-03 1.441240077838301659e-03
6.703249931335449219e+00 -1.820160150527954102e-01
-1.419780077412724495e-03 -3.355710068717598915e-03
6.323750019073486328e+00 2.039719969034194946e-01
3.863219916820526123e-02 -1.098999939858913422e-02
3.946269989013671875e+00 2.855259895324707031e+00
2.806799893733114004e-04 -1.750689989421516657e-04
5.719329833984375000e+00 3.883579969406127930e-01
5.054000066593289375e-04 1.163569977506995201e-03
6.274009704589843750e+00 1.709810018539428711e+00
-4.904860630631446838e-03 -2.035970101132988930e-03
6.125510215759277344e+00 -8.696410059928894043e-01
1.527789980173110962e-02 -2.931929659098386765e-03
3.738379955291748047e+00 -2.275460004806518555e+00
2.896920312196016312e-03 3.411850193515419960e-04
6.393819808959960938e+00 -2.090080022811889648e+00
3.457579761743545532e-03 -1.805149950087070465e-03
6.271910190582275391e+00 1.824849992990493774e-01
-3.719629952684044838e-03 1.021390035748481750e-02
6.001600265502929688e+00 -1.182729959487915039e+00
-5.101970396935939789e-03 8.231650572270154953e-04
5.303569793701171875e+00 -4.218890070915222168e-01
-5.165069887880235910e-05 -8.738479664316400886e-05
6.532609939575195312e+00 7.186430096626281738e-01
4.208070095046423376e-05 -1.691510078671853989e-05
4.350359916687011719e+00 2.598350048065185547e+00
-3.858279902487993240e-03 4.459510091692209244e-05
6.717969894409179688e+00 1.450359940528869629e+00
1.162249967455863953e-02 6.161299999803304672e-03
4.775589942932128906e+00 6.185430288314819336e-02
-2.448270097374916077e-03 -2.360499929636716843e-03
6.083030223846435547e+00 -1.587090045213699341e-01
5.762849923485191539e-06 -3.791999770328402519e-04
5.861700057983398438e+00 -1.305159926414489746e-01
-2.149210049537941813e-04 1.065550022758543491e-04
6.464869976043701172e+00 4.815109968185424805e-01
-3.292820110800676048e-05 -4.321990127209573984e-05
6.669579505920410156e+00 5.517970025539398193e-02
3.228150075301527977e-03 2.860589884221553802e-03
4.653439998626708984e+00 -2.112900018692016602e+00
3.642659867182374001e-04 3.486849891487509012e-04
6.078390121459960938e+00 -1.865819931030273438e+00
1.218920006067492068e-04 -2.954480005428195000e-04
5.704170227050781250e+00 1.994010061025619507e-01
-6.156180752441287041e-04 -1.932890008902177215e-04
6.980739593505859375e+00 -5.681049823760986328e-01
-2.230450081697199494e-05 4.725310020148754120e-03
5.071549892425537109e+00 -1.250769972801208496e+00
-8.519239490851759911e-04 -2.946080057881772518e-04
6.069589614868164062e+00 -2.110100030899047852e+00
1.324189943261444569e-03 3.680119989439845085e-04
7.312240123748779297e+00 5.503020286560058594e-01
4.283919930458068848e-03 2.458340022712945938e-03
5.332729816436767578e+00 -1.243029981851577759e-01
-7.724740135017782450e-05 6.676230259472504258e-05
6.142410278320312500e+00 -1.287919998168945312e+00
-4.871610086411237717e-03 -1.507749967277050018e-02
6.383739471435546875e+00 -5.491799712181091309e-01
5.594930145889520645e-03 -5.670950049534440041e-04
6.769810199737548828e+00 -2.747159898281097412e-01
-1.548520056530833244e-03 1.577549963258206844e-03
6.491489887237548828e+00 -2.070980072021484375e+00
-2.941830025520175695e-04 -1.553740003146231174e-03
5.589630126953125000e+00 1.149029970169067383e+00
3.321740077808499336e-04 2.869399962946772575e-03
6.135310173034667969e+00 5.500010251998901367e-01
1.353059988468885422e-02 -1.315970002906396985e-04
4.941050052642822266e+00 2.333259880542755127e-01
-2.499999944120645523e-03 3.576240269467234612e-04
5.880010128021240234e+00 3.462989807128906250e+00
7.346350321313366294e-05 2.898510047089075670e-06
6.800380229949951172e+00 -1.740880012512207031e-01
-1.732979944790713489e-05 1.128739968407899141e-04
6.142859935760498047e+00 3.176760077476501465e-01
6.143290083855390549e-03 2.713979920372366905e-03
7.155169963836669922e+00 -5.128859877586364746e-01
4.635819932445883751e-04 1.291880034841597080e-03
6.746590137481689453e+00 1.115409970283508301e+00
-1.150859985500574112e-03 9.875639807432889938e-04
5.936359882354736328e+00 1.415699958801269531e+00
-1.372859969706041738e-05 -9.410049824509769678e-05
5.370870113372802734e+00 -1.285660028457641602e+00
6.904170149937272072e-04 3.099380119238048792e-04
4.673250198364257812e+00 -1.575970053672790527e+00
-3.852719964925199747e-04 1.162840053439140320e-03
4.303569793701171875e+00 -9.402400255203247070e-01
7.306520274141803384e-05 4.682179860537871718e-05
6.324560165405273438e+00 -1.622480034828186035e+00
4.839110188186168671e-03 -3.610730171203613281e-03
5.552949905395507812e+00 -8.088590204715728760e-02
1.682510017417371273e-03 1.185110025107860565e-02
5.290150165557861328e+00 -1.998309940099716187e-01
-1.817280054092407227e-02 1.144549995660781860e-02
4.702849864959716797e+00 -3.424429893493652344e-02
-2.891690004616975784e-03 6.073410157114267349e-03
5.373390197753906250e+00 1.857450008392333984e+00
2.064049942418932915e-03 -3.020549658685922623e-03
5.902790069580078125e+00 -1.795070022344589233e-01
6.069050170481204987e-03 6.740899756550788879e-03
6.154339790344238281e+00 -7.914619147777557373e-02
3.156180027872323990e-04 -5.403589922934770584e-03
7.193729877471923828e+00 7.160329818725585938e-02
-1.420009881258010864e-03 1.278840005397796631e-03
5.859819412231445312e+00 -3.637839853763580322e-01
-3.717160143423825502e-04 3.449869691394269466e-04
6.909509658813476562e+00 -1.711979806423187256e-01
-1.823049969971179962e-04 2.825160045176744461e-04
5.969820022583007812e+00 1.292799949645996094e+00
6.349739851430058479e-05 -1.645470038056373596e-04
4.808420181274414062e+00 1.400810033082962036e-01
1.017290051095187664e-03 -1.576539943926036358e-03
4.767549991607666016e+00 -9.128020144999027252e-03
-1.343620009720325470e-03 1.181849977001547813e-03
4.271029949188232422e+00 7.284820079803466797e-01
9.855450130999088287e-03 -2.164549892768263817e-03
5.101079940795898438e+00 2.760329723358154297e+00
4.210960119962692261e-03 2.933850046247243881e-03
6.610789775848388672e+00 -2.397899925708770752e-01
-2.224170020781457424e-04 -4.897569888271391392e-04
6.097940444946289062e+00 5.952299833297729492e-01
2.041490050032734871e-03 8.335799910128116608e-03
6.813700199127197266e+00 1.236570000648498535e+00
2.053460106253623962e-03 8.918310049921274185e-04
6.778299808502197266e+00 -3.908939957618713379e-01
2.812359889503568411e-04 -6.074180055293254554e-05
4.299570083618164062e+00 -8.332179486751556396e-02
3.823840059340000153e-03 -7.384049822576344013e-04
5.459270000457763672e+00 -6.437640190124511719e-01
1.016249996609985828e-03 -1.951429992914199829e-03
6.489999771118164062e+00 -6.351699829101562500e-01
-5.471699871122837067e-03 3.396000101929530501e-05
5.576089859008789062e+00 -3.499889969825744629e-01
4.923300002701580524e-04 6.033760029822587967e-03
5.411409854888916016e+00 -8.471149802207946777e-01
1.348530058749020100e-04 3.446920076385140419e-03
5.337800025939941406e+00 -1.167969942092895508e+00
8.747359970584511757e-04 -9.171729907393455505e-04
7.012790679931640625e+00 -6.235970258712768555e-01
1.287659979425370693e-03 -8.144919993355870247e-04
6.164189338684082031e+00 -1.842499971389770508e+00
4.343249602243304253e-04 1.206840039230883121e-03
7.007100105285644531e+00 -2.466740086674690247e-02
-1.239549834281206131e-03 2.444979967549443245e-03
6.842179775238037109e+00 -6.931040287017822266e-01
4.498249851167201996e-03 -7.163030095398426056e-03
5.973279953002929688e+00 -9.279169887304306030e-02
6.196880131028592587e-04 1.192119962070137262e-04
4.776239871978759766e+00 -5.273119807243347168e-01
-4.271919897291809320e-04 -3.463279863353818655e-04
5.752860069274902344e+00 1.655969858169555664e+00
-2.998509909957647324e-03 2.135599963366985321e-03
6.094669818878173828e+00 -4.803610146045684814e-01
1.746519992593675852e-04 -4.751380038214847445e-05
4.005469799041748047e+00 2.568280220031738281e+00
4.032679953525075689e-06 -3.959960013162344694e-04
6.759880065917968750e+00 -8.878509700298309326e-02
3.583039870136417449e-05 -3.809609916061162949e-04
4.912159919738769531e+00 -9.861710071563720703e-01
3.014389949385076761e-04 -3.893100074492394924e-04
5.367199897766113281e+00 2.789480239152908325e-02
-1.373960170894861221e-03 -1.033470034599304199e-03
5.977940082550048828e+00 -9.936310052871704102e-01
-1.127709983848035336e-04 -1.991809986066073179e-04
6.223810195922851562e+00 -9.421499967575073242e-01
-8.937769569456577301e-03 1.311140134930610657e-03
6.664189815521240234e+00 -1.044300049543380737e-01
-2.811579965054988861e-03 3.474699915386736393e-04
3.677989959716796875e+00 -6.913260221481323242e-01
-9.142030030488967896e-04 5.791450530523434281e-05
7.416449546813964844e+00 7.039840221405029297e-01
-5.335200112313032150e-04 -1.940549991559237242e-04
7.202099800109863281e+00 -7.620869874954223633e-01
6.667149718850851059e-04 3.753769909963011742e-03
4.575059890747070312e+00 1.056540012359619141e-01
-2.737870090641081333e-04 -1.875820162240415812e-04
6.878570556640625000e+00 -1.051939964294433594e+00
2.664519797690445557e-06 -2.010500029427930713e-04
5.847109794616699219e+00 -1.812590053305029869e-03
1.069569960236549377e-03 -5.813590250909328461e-04
6.844309806823730469e+00 -1.607399940490722656e+00
-6.747839972376823425e-03 -5.813610041514039040e-04
6.940320014953613281e+00 -8.406399935483932495e-02
3.365929936990141869e-03 -3.504360094666481018e-03
3.903229713439941406e+00 2.496639966964721680e+00
-4.217369714751839638e-04 -3.902490134350955486e-04
7.212920188903808594e+00 3.340080007910728455e-02
9.273789823055267334e-03 6.460549775511026382e-03
4.009560108184814453e+00 2.542350068688392639e-02
1.263830112293362617e-03 -1.022750046104192734e-03
6.176790237426757812e+00 -3.335509896278381348e-01
1.466480025555938482e-04 -3.324520002934150398e-05
6.335020065307617188e+00 1.353520035743713379e+00
1.822659932076931000e-02 -9.320689132437109947e-04
6.854360103607177734e+00 -3.021599948406219482e-01
2.022849948843941092e-04 1.249969936907291412e-04
4.497690200805664062e+00 1.067849993705749512e+00
-5.520060076378285885e-04 1.398379914462566376e-03
6.497830390930175781e+00 -9.312120079994201660e-01
8.629990043118596077e-04 -1.809559948742389679e-02
5.069719314575195312e+00 -1.495890021324157715e-01
-8.139049750752747059e-04 -1.492789946496486664e-03
5.909210205078125000e+00 -1.264889955520629883e+00
-3.803439904004335403e-03 9.923439938575029373e-04
6.299339294433593750e+00 -6.218019723892211914e-01
9.282620158046483994e-04 -9.003980085253715515e-04
4.279389858245849609e+00 4.536890387535095215e-01
-2.080849953927099705e-04 3.263229737058281898e-04
7.336890220642089844e+00 -5.546380281448364258e-01
-8.196129783755168319e-05 -9.912189852911978960e-05
6.120029449462890625e+00 -1.879349946975708008e+00
-1.748429960571229458e-03 2.841480076313018799e-03
5.830150127410888672e+00 -1.977439999580383301e+00
4.038290120661258698e-03 -9.123539552092552185e-03
6.957779884338378906e+00 3.919690251350402832e-01
-1.422700006514787674e-04 -8.645409834571182728e-04
6.013899803161621094e+00 -2.434200048446655273e-01
1.127509982325136662e-03 -5.794679746031761169e-04
6.820879936218261719e+00 -6.679589748382568359e-01
5.433150101453065872e-03 2.091970061883330345e-03
5.877079963684082031e+00 -1.694280028343200684e+00
2.454649889841675758e-03 1.044049975462257862e-03
6.255489349365234375e+00 -2.637790143489837646e-01
5.434210179373621941e-04 -6.376620149239897728e-04
6.668970108032226562e+00 6.366479992866516113e-01
1.151719945482909679e-03 -4.252479993738234043e-05
4.129139900207519531e+00 -6.519050002098083496e-01
4.027049988508224487e-03 -4.470970015972852707e-03
4.014609813690185547e+00 3.873870074748992920e-01
-1.111329998821020126e-03 1.793080009520053864e-03
6.228590011596679688e+00 7.728110551834106445e-01
-6.258170120418071747e-03 -3.486089990474283695e-04
5.264629840850830078e+00 -5.660150051116943359e-01
3.631320141721516848e-04 -1.285210065543651581e-02
5.278210163116455078e+00 -3.430340066552162170e-02
2.473320055287331343e-04 -1.139939995482563972e-04
5.046199798583984375e+00 -8.998410701751708984e-01
3.518610028550028801e-03 -1.200939994305372238e-03
5.269599914550781250e+00 -4.897510409355163574e-01
4.215660039335489273e-03 4.813359992112964392e-04
5.057590007781982422e+00 -1.566349983215332031e+00
7.295819232240319252e-04 2.681179903447628021e-03
5.899909973144531250e+00 5.770300030708312988e-01
2.589600044302642345e-04 -1.477789919590577483e-05
5.584640026092529297e+00 -6.770200133323669434e-01
-1.355179992970079184e-04 -6.757550181646365672e-06
7.588160037994384766e+00 -7.535709142684936523e-01
3.638559952378273010e-03 -8.430869638686999679e-05
5.205140113830566406e+00 -3.795869946479797363e-01
2.074880059808492661e-03 4.844449576921761036e-04
7.353779792785644531e+00 5.354300141334533691e-01
-3.613330191001296043e-04 2.517099957913160324e-03
5.122479915618896484e+00 -6.771790236234664917e-02
3.641850315034389496e-03 2.073510084301233292e-03
6.452050209045410156e+00 1.523450016975402832e+00
-4.888040013611316681e-03 2.235230058431625366e-03
7.051380157470703125e+00 -8.056989908218383789e-01
2.230489999055862427e-02 -2.417470095679163933e-03
5.861949920654296875e+00 -1.187549948692321777e+00
-1.378690125420689583e-03 -3.158109961077570915e-03
6.705180168151855469e+00 4.446989893913269043e-01
-2.437159884721040726e-03 -4.567370051518082619e-04
4.697470188140869141e+00 3.357810020446777344e+00
8.653000113554298878e-04 5.277600139379501343e-03
4.910389900207519531e+00 1.259639978408813477e+00
1.546480052638798952e-04 -1.140679978561820462e-05
6.210629940032958984e+00 -1.451500058174133301e+00
2.107169944792985916e-03 -7.737830164842307568e-04
5.449429512023925781e+00 6.996380090713500977e-01
-6.022240268066525459e-04 4.650220216717571020e-05
5.067639827728271484e+00 -2.430900037288665771e-01
1.257709972560405731e-02 -5.113129504024982452e-03
5.967940330505371094e+00 -6.902030110359191895e-01
-2.980940043926239014e-03 -3.463950008153915405e-03
5.903400421142578125e+00 2.615560054779052734e+00
1.812970032915472984e-03 1.642949879169464111e-03
5.110779762268066406e+00 -8.063060045242309570e-02
-5.803389940410852432e-04 -4.590510070556774735e-05
7.376470088958740234e+00 9.912720322608947754e-02
1.670220051892101765e-03 5.173840560019016266e-03
6.777719974517822266e+00 -6.394900083541870117e-01
3.450860094744712114e-04 5.897720344364643097e-03
5.575079917907714844e+00 5.981859564781188965e-02
1.830789842642843723e-04 3.053119871765375137e-05
4.881649971008300781e+00 4.054490029811859131e-01
-1.404670038027688861e-04 -1.498850033385679126e-04
6.535810470581054688e+00 -4.295760095119476318e-01
-2.310450072400271893e-04 -6.664250046014785767e-03
7.132459640502929688e+00 -4.813440144062042236e-01
1.314410008490085602e-02 -5.104079842567443848e-03
4.360839843750000000e+00 1.128059998154640198e-01
2.095929958159103990e-04 7.347980135818943381e-05
7.037109851837158203e+00 1.349119991064071655e-01
1.544320024549961090e-03 -3.575120063032954931e-04
6.106460094451904297e+00 2.495650053024291992e+00
9.223020169883966446e-04 3.089410020038485527e-03
7.682179927825927734e+00 6.919069290161132812e-01
6.739339791238307953e-03 -9.012769907712936401e-03
5.580930233001708984e+00 5.370780229568481445e-01
-1.866689999587833881e-04 -2.513370054657571018e-05
6.879769325256347656e+00 -1.638990044593811035e+00
4.716489929705858231e-03 -2.527910051867365837e-03
4.950620174407958984e+00 -1.550920009613037109e+00
5.003790371119976044e-03 6.656909827142953873e-03
4.288469791412353516e+00 -2.018879950046539307e-01
7.053829904180020094e-05 8.837580680847167969e-04
6.094180107116699219e+00 2.462899982929229736e-01
-1.312020001932978630e-03 4.582710098475217819e-03
5.047949790954589844e+00 -1.092810034751892090e+00
-5.164389731362462044e-04 -6.907769711688160896e-04
3.986330032348632812e+00 -2.085659980773925781e+00
-1.116040046326816082e-03 -2.103360020555555820e-04
3.242569923400878906e+00 2.840990066528320312e+00
5.266179796308279037e-04 -1.646060081839095801e-05
5.270589828491210938e+00 4.396370053291320801e-01
9.263160172849893570e-04 -3.284429898485541344e-03
5.054999351501464844e+00 2.338029909878969193e-03
-2.983709855470806360e-04 -1.087759970687329769e-03
5.639560222625732422e+00 -9.298030287027359009e-02
-1.704580034129321575e-03 -6.187510676681995392e-03
4.344180107116699219e+00 1.436119992285966873e-02
2.141179982572793961e-03 6.352330092340707779e-05
6.199950218200683594e+00 -1.311559915542602539e+00
2.777090121526271105e-04 4.998109943699091673e-05
5.066150665283203125e+00 2.192239999771118164e+00
2.962900034617632627e-04 5.595720140263438225e-04
6.456540107727050781e+00 8.277750015258789062e-02
-6.703649414703249931e-04 3.885379992425441742e-03
6.353369712829589844e+00 -3.648959994316101074e-01
4.878890104009769857e-05 9.309490269515663385e-05
6.531519889831542969e+00 5.053889751434326172e-01
3.083080053329467773e-03 -2.195120090618729591e-03
6.590400218963623047e+00 5.374460220336914062e-01
4.861239809542894363e-03 -8.943550055846571922e-04
4.321599960327148438e+00 -4.486809968948364258e-01
-4.165010061115026474e-03 -6.975299911573529243e-04
5.969160079956054688e+00 1.374610066413879395e-01
3.738600062206387520e-03 8.001740090548992157e-03
5.525230407714843750e+00 -1.621569991111755371e+00
1.988539952435530722e-05 5.783309825346805155e-05
4.910130023956298828e+00 -1.997709989547729492e+00
-2.288560062879696488e-04 -1.993000041693449020e-04
5.060120105743408203e+00 -1.477319955825805664e+00
-9.864851017482578754e-05 2.173779997974634171e-03
7.104030132293701172e+00 3.796739876270294189e-01
1.273369998671114445e-03 2.146889921277761459e-03
5.692110061645507812e+00 9.183350205421447754e-01
1.461509987711906433e-02 -8.377620251849293709e-04
4.758729934692382812e+00 4.075939953327178955e-01
-1.430729935236740857e-05 9.234860044671222568e-05
5.520589828491210938e+00 -1.551939964294433594e+00
-2.108579967170953751e-03 2.619310049340128899e-03
5.880219936370849609e+00 -7.602509856224060059e-01
1.330169849097728729e-03 1.371240010485053062e-03
7.131100177764892578e+00 5.382329821586608887e-01
-6.348480237647891045e-04 1.362000009976327419e-03
4.825940132141113281e+00 3.322439670562744141e+00
-7.525170076405629516e-05 -1.416390005033463240e-04
6.360879898071289062e+00 -2.095189988613128662e-01
-3.748029848793521523e-05 -6.345079746097326279e-04
5.917640209197998047e+00 5.909740179777145386e-02
4.913149867206811905e-03 -3.157430095598101616e-03
5.397700309753417969e+00 -5.804489850997924805e-01
-1.724949979688972235e-04 1.265659957425668836e-04
6.195720672607421875e+00 8.674740195274353027e-01
-3.532669972628355026e-03 3.986390074715018272e-04
7.097100257873535156e+00 2.592610009014606476e-02
-7.059150375425815582e-04 1.888390164822340012e-03
6.364510059356689453e+00 -1.671499967575073242e+00
-7.732280209893360734e-06 3.605709935072809458e-06
7.675449848175048828e+00 -3.324680030345916748e-01
9.552109986543655396e-04 1.325640012510120869e-03
7.485380172729492188e+00 -5.961639881134033203e-01
8.950170013122260571e-04 2.345999935641884804e-03
6.352829933166503906e+00 -1.025200009346008301e+00
6.025009788572788239e-03 -3.646939992904663086e-03
3.167710065841674805e+00 2.143300056457519531e+00
2.529580087866634130e-04 7.897649775259196758e-04
6.586040496826171875e+00 -3.049620091915130615e-01
-6.657769903540611267e-03 -5.281120073050260544e-03
5.589320182800292969e+00 1.078529953956604004e+00
1.157229999080300331e-03 3.077409928664565086e-03
6.439350128173828125e+00 -8.042140007019042969e-01
-2.002079971134662628e-03 1.189430058002471924e-02
6.232399940490722656e+00 2.506180107593536377e-01
-6.417579948902130127e-03 8.364769746549427509e-04
3.636359930038452148e+00 -2.104229927062988281e+00
2.371489972574636340e-04 -3.533859853632748127e-05
6.948029994964599609e+00 -2.216210067272186279e-01
-1.499730024079326540e-05 -5.367220001062378287e-05
8.113240242004394531e+00 -1.097399950027465820e+00
-1.906760036945343018e-03 5.099609843455255032e-04
6.753210067749023438e+00 1.259050071239471436e-01
-1.193420030176639557e-04 -3.424709939281456172e-05
5.509890556335449219e+00 -1.668370008468627930e+00
9.190080454573035240e-04 -1.128149963915348053e-02
4.696909904479980469e+00 6.106100045144557953e-03
-2.010950083786156029e-06 2.164159959647804499e-04
6.505589962005615234e+00 -1.716840080916881561e-02
2.032940101344138384e-04 -4.403899947647005320e-04
6.650249958038330078e+00 1.770409941673278809e+00
7.832290430087596178e-05 -2.441190008539706469e-04
4.067580223083496094e+00 1.974779963493347168e+00
-5.844079889357089996e-03 -6.654010154306888580e-03
2.990669965744018555e+00 -5.380339920520782471e-02
3.644909884314984083e-05 3.373989966348744929e-05
7.045330047607421875e+00 -4.930020123720169067e-02
-8.339449414052069187e-05 7.796390855219215155e-05
6.501100063323974609e+00 7.626119852066040039e-01
7.930059917271137238e-03 2.845959970727562904e-03
5.775250434875488281e+00 1.454489946365356445e+00
1.096289997803978622e-04 -2.821249945554882288e-04
5.690090179443359375e+00 2.885220050811767578e-01
6.780489638913422823e-05 -3.666650172817753628e-06
5.424069881439208984e+00 -1.088799953460693359e+00
-4.449789877980947495e-03 1.920099835842847824e-03
5.624949932098388672e+00 1.105389952659606934e+00
2.794100146275013685e-05 -1.147470029536634684e-04
6.111030101776123047e+00 1.368909955024719238e+00
-4.376499855425208807e-04 -4.280999768525362015e-03
6.233119964599609375e+00 -1.041529886424541473e-02
6.131800182629376650e-05 1.765600063663441688e-05
5.774189949035644531e+00 -5.860639810562133789e-01
-6.811179919168353081e-04 -1.575889997184276581e-03
6.701279640197753906e+00 -1.100319981575012207e+00
2.185259945690631866e-03 -2.188780112192034721e-03
6.587779998779296875e+00 2.180079966783523560e-01
5.429029464721679688e-03 -7.035360205918550491e-03
5.740129947662353516e+00 -5.334720015525817871e-01
1.194369979202747345e-03 2.636399876791983843e-04
4.927060127258300781e+00 1.435029983520507812e+00
-3.943080082535743713e-03 -6.229479797184467316e-03
6.664460182189941406e+00 -2.169979959726333618e-01
-1.135089993476867676e-02 5.977880209684371948e-03
5.647140026092529297e+00 2.221059948205947876e-01
-3.962140181101858616e-05 5.934539785812376067e-06
5.990320205688476562e+00 9.028220176696777344e-01
1.744490000419318676e-03 -2.475379966199398041e-03
7.414179801940917969e+00 9.916210174560546875e-01
3.865350037813186646e-03 -1.868620049208402634e-03
5.263619899749755859e+00 1.277540028095245361e-01
-1.549300031911116093e-05 -3.578460018616169691e-05
4.575260162353515625e+00 1.423150062561035156e+00
-5.201679654419422150e-03 1.875350018963217735e-03
6.326819419860839844e+00 6.323809623718261719e-01
-1.659370027482509613e-03 9.581319754943251610e-04
5.780090332031250000e+00 7.590030431747436523e-01
-2.671400216058827937e-05 1.130430027842521667e-04
4.424200057983398438e+00 6.540660858154296875e-01
-4.222739953547716141e-04 -1.073190011084079742e-03
5.376440048217773438e+00 3.091270029544830322e-01
-4.160869866609573364e-05 4.476630128920078278e-04
5.979290008544921875e+00 4.039790034294128418e-01
3.463510074652731419e-04 1.796459982870146632e-04
6.707240104675292969e+00 -1.567620038986206055e+00
-8.597459644079208374e-03 7.821620441973209381e-03
5.057370185852050781e+00 3.363630294799804688e+00
-1.630629971623420715e-02 -2.741059754043817520e-03
6.686880111694335938e+00 -1.323799967765808105e+00
1.584750018082559109e-03 -1.862030010670423508e-03
5.561719894409179688e+00 1.186939954757690430e+00
-1.485870016040280461e-04 -1.527660060673952103e-04
4.427480220794677734e+00 -1.017669960856437683e-02
2.045860048383474350e-03 9.979590540751814842e-04
5.617080211639404297e+00 2.460429966449737549e-01
3.298409865237772465e-04 -1.177399972220882773e-04
4.305980205535888672e+00 5.131420120596885681e-02
3.315309993922710419e-03 5.875240080058574677e-03
5.460700035095214844e+00 -1.363009959459304810e-01
-5.249259993433952332e-04 -7.991929887793958187e-04
6.855400085449218750e+00 -1.693899929523468018e-01
1.836250070482492447e-03 -1.779229933163151145e-04
4.900589942932128906e+00 -2.219469994306564331e-01
-4.017120227217674255e-03 -6.432599388062953949e-03
3.643119812011718750e+00 -4.803259670734405518e-02
1.485539949499070644e-03 2.559270011261105537e-03
7.165890216827392578e+00 -1.855009943246841431e-01
9.328499436378479004e-05 6.897279672557488084e-05
6.621729850769042969e+00 -8.460850268602371216e-02
3.733810081030242145e-05 6.161360215628519654e-05
4.932909965515136719e+00 1.033740043640136719e+00
3.921060124412178993e-04 -2.367639914155006409e-03
6.087460041046142578e+00 1.388470053672790527e+00
3.858119947835803032e-03 -4.855120088905096054e-03
5.992819786071777344e+00 5.135020017623901367e-01
-1.986730057979002595e-04 -2.887090086005628109e-04
4.515799999237060547e+00 -1.009330004453659058e-01
3.055759880226105452e-04 -1.294760033488273621e-03
4.357769966125488281e+00 -1.794719934463500977e+00
5.394230131059885025e-03 2.700849995017051697e-02
5.668410301208496094e+00 2.738739922642707825e-02
-1.601289957761764526e-03 4.403400421142578125e-02
6.377369880676269531e+00 1.158829927444458008e-01
-6.393530056811869144e-04 8.273290004581212997e-04
6.112819671630859375e+00 -1.061110019683837891e+00
4.679849836975336075e-03 -1.383049995638430119e-03
5.142370223999023438e+00 -2.681900024414062500e+00
-1.596960006281733513e-03 9.974250569939613342e-04
6.969929695129394531e+00 9.637240171432495117e-01
-4.697340074926614761e-03 3.698439896106719971e-02
4.877210140228271484e+00 -2.111480012536048889e-02
1.151970005594193935e-03 2.781119896098971367e-03
6.942049980163574219e+00 -1.628700017929077148e+00
-1.244310056790709496e-03 1.078850007615983486e-03
4.697440147399902344e+00 2.078510046005249023e+00
2.071829978376626968e-03 1.286020036786794662e-02
5.686279296875000000e+00 3.804299831390380859e-01
-6.325099820969626307e-05 2.061350038275122643e-03
4.557569980621337891e+00 6.570379734039306641e-01
1.830690016504377127e-04 1.590430038049817085e-04
6.234139919281005859e+00 -2.301229834556579590e-01
-1.216090098023414612e-02 5.748540163040161133e-03
5.999799728393554688e+00 8.938800096511840820e-01
1.138130028266459703e-05 -5.058180075138807297e-03
6.376060485839843750e+00 -2.027559995651245117e+00
9.170900011667981744e-05 -5.629689985653385520e-05
6.685470581054687500e+00 -9.444869756698608398e-01
3.968410193920135498e-03 -1.953199971467256546e-03
5.702229499816894531e+00 1.792870163917541504e-01
1.074139960110187531e-03 -5.107640172354876995e-04
6.998829841613769531e+00 7.443709373474121094e-01
-9.641399956308305264e-04 -3.139009932056069374e-03
6.018909931182861328e+00 -2.373999953269958496e-01
6.014599930495023727e-03 1.095109991729259491e-02
5.346220016479492188e+00 8.034170269966125488e-01
-2.267949981614947319e-03 -8.879849687218666077e-03
4.236249923706054688e+00 -3.051559925079345703e+00
5.396109772846102715e-04 -1.566790015203878284e-04
3.758599996566772461e+00 6.125749945640563965e-01
-4.550389945507049561e-03 -2.487000077962875366e-03
4.793099880218505859e+00 -1.968950033187866211e+00
5.528699606657028198e-03 3.558679949492216110e-03
7.013549804687500000e+00 6.235840171575546265e-02
-1.787100045476108789e-04 6.658330094069242477e-04
7.585700035095214844e+00 4.149839878082275391e-01
4.903470107819885015e-05 1.522799948361353017e-06
6.109720230102539062e+00 -2.294379949569702148e+00
-2.064649946987628937e-03 -3.685569856315851212e-03
5.152329921722412109e+00 -2.481940031051635742e+00
-1.015660003758966923e-03 -1.725120004266500473e-03
6.318970203399658203e+00 2.018249988555908203e+00
2.008340088650584221e-03 -8.035150356590747833e-03
5.733940124511718750e+00 8.750000000000000000e-01
-5.889290332561358809e-05 9.550029790261760354e-05
5.338059425354003906e+00 2.051170110702514648e+00
5.537049728445708752e-04 6.459259893745183945e-04
3.146049976348876953e+00 -2.418489933013916016e+00
3.437479899730533361e-04 5.097760003991425037e-04
7.739630222320556641e+00 7.359070181846618652e-01
2.498769754311069846e-05 -7.040469790808856487e-05
6.216390132904052734e+00 1.581990003585815430e+00
-5.769010022049769759e-05 1.685140014160424471e-04
5.773869514465332031e+00 5.028550028800964355e-01
-4.785129800438880920e-03 6.425669882446527481e-03
6.868450164794921875e+00 -2.323029994964599609e+00
-4.636550147552043200e-05 2.893690019845962524e-03
5.588349819183349609e+00 1.203189969062805176e+00
-3.168629948049783707e-03 -1.255069975741207600e-03
7.324130058288574219e+00 -1.207309961318969727e+00
1.317069982178509235e-03 -1.332069979980587959e-03
6.105440139770507812e+00 -1.402289986610412598e+00
6.179510615766048431e-03 -1.189060043543577194e-03
5.401470184326171875e+00 -8.445760011672973633e-01
-1.481700019212439656e-04 -3.532580012688413262e-05
6.453949928283691406e+00 1.175189971923828125e+00
2.216619905084371567e-03 1.269159954972565174e-03
3.306760311126708984e+00 2.766839981079101562e+00
3.391579957678914070e-04 -2.087299799313768744e-05
6.218910217285156250e+00 -4.775260090827941895e-01
-3.163400106132030487e-03 -8.371450239792466164e-04
5.965169906616210938e+00 -1.906720161437988281e+00
-1.417919993400573730e-03 -3.744880203157663345e-03
3.703999996185302734e+00 1.815709948539733887e+00
-5.052689928561449051e-03 -7.318770047277212143e-03
5.007629871368408203e+00 2.287590026855468750e+00
-3.233189927414059639e-03 -1.810629852116107941e-03
5.263140201568603516e+00 -3.489830017089843750e+00
-1.480679959058761597e-03 -3.922939940821379423e-04
6.258820533752441406e+00 9.577460289001464844e-01
-2.515850064810365438e-04 -1.243239967152476311e-04
4.640820026397705078e+00 -1.475589990615844727e+00
2.650879905559122562e-04 -1.693410013103857636e-04
5.914480209350585938e+00 -4.528869986534118652e-01
-4.539140034466981888e-03 2.020169922616332769e-04
5.788509845733642578e+00 1.418349981307983398e+00
-5.046389924245886505e-05 1.051290018949657679e-04
6.383440017700195312e+00 4.384019970893859863e-01
2.052739961072802544e-03 -6.171450018882751465e-03
4.799580097198486328e+00 -3.021090030670166016e+00
-4.081469960510730743e-03 -1.221899990923702717e-03
4.752530097961425781e+00 -1.958989977836608887e+00
-8.576789405196905136e-04 6.905000191181898117e-04
6.429480552673339844e+00 7.906870841979980469e-01
3.284389968030154705e-04 -3.429770004004240036e-05
6.673069953918457031e+00 1.166419982910156250e+00
1.814329996705055237e-02 -2.869009971618652344e-03
5.681719779968261719e+00 -1.179730057716369629e+00
1.918249996379017830e-03 7.006070110946893692e-03
6.764180183410644531e+00 -1.307039976119995117e+00
-3.016269998624920845e-03 -3.845019964501261711e-04
6.643320083618164062e+00 3.209049999713897705e-01
5.192779935896396637e-03 5.157730076462030411e-03
5.156940460205078125e+00 1.987259984016418457e+00
1.175979990512132645e-02 -7.248240523040294647e-03
6.091889858245849609e+00 1.442260026931762695e+00
4.643099964596331120e-04 5.476269870996475220e-04
4.281260013580322266e+00 -2.419399976730346680e+00
-8.104409789666533470e-04 9.910370135912671685e-05
5.789490222930908203e+00 -2.139640092849731445e+00
3.649480175226926804e-03 9.472399950027465820e-03
5.260159969329833984e+00 2.426919937133789062e-01
1.284779980778694153e-03 1.014780020341277122e-03
6.396860122680664062e+00 -1.574639976024627686e-01
1.013259985484182835e-03 5.070479959249496460e-02
6.036980152130126953e+00 5.837500095367431641e-02
-2.625859808176755905e-03 -4.594420082867145538e-03
4.334980010986328125e+00 -3.132030010223388672e+00
7.059730123728513718e-04 -5.478999810293316841e-04
5.996270179748535156e+00 -1.501879990100860596e-01
-3.000749857164919376e-04 -2.210950013250112534e-03
7.691559791564941406e+00 9.000769853591918945e-01
2.963959996122866869e-04 9.388799662701785564e-05
6.321969985961914062e+00 -1.622480005025863647e-01
-2.154649933800101280e-03 6.639040075242519379e-03
7.140620231628417969e+00 -9.791789948940277100e-02
2.243659924715757370e-03 -2.571719698607921600e-03
5.997809886932373047e+00 -4.837990105152130127e-01
4.931639879941940308e-03 -1.531080109998583794e-03
4.814859867095947266e+00 2.564209938049316406e+00
-4.456240218132734299e-03 -2.103530103340744972e-03
5.217919826507568359e+00 2.386879920959472656e+00
2.524640003684908152e-04 1.329549995716661215e-04
4.254849910736083984e+00 2.804270088672637939e-01
1.181829953566193581e-03 1.555760158225893974e-03
4.166840076446533203e+00 3.535830378532409668e-01
-3.046300029382109642e-03 1.900519942864775658e-03
5.102280616760253906e+00 -7.813869714736938477e-01
3.119339700788259506e-03 2.354290103539824486e-03
6.033599853515625000e+00 -2.318949997425079346e-01
-3.210739698261022568e-03 -1.406010007485747337e-03
5.271820068359375000e+00 1.048059910535812378e-01
-4.013010038761422038e-05 -6.019579814164899290e-06
8.095660209655761719e+00 6.763039827346801758e-01
-4.878109786659479141e-03 1.563320169225335121e-03
6.070960044860839844e+00 -7.612730264663696289e-01
-2.333640004508197308e-04 -1.572079956531524658e-03
5.780690193176269531e+00 -1.179929971694946289e+00
1.556329987943172455e-02 2.669070090632885695e-04
5.296639919281005859e+00 1.654870033264160156e+00
-4.768570070154964924e-04 2.491520135663449764e-04
6.929570198059082031e+00 -6.745309829711914062e-01
1.759310020133852959e-03 -3.625260142143815756e-04
5.779980659484863281e+00 -2.352349996566772461e+00
8.799220086075365543e-05 -1.976459985598921776e-03
6.287189483642578125e+00 5.338439941406250000e-01
-1.601260039024055004e-03 -1.226069987751543522e-03
5.313849925994873047e+00 -1.021960020065307617e+00
2.330339979380369186e-03 -5.140290129929780960e-03
4.399930000305175781e+00 2.389840036630630493e-01
4.859839827986434102e-05 -1.358610024908557534e-04
7.228300094604492188e+00 -9.539430141448974609e-01
5.014989990741014481e-03 -1.052609994076192379e-03
6.049230098724365234e+00 1.044279988855123520e-02
-2.607670030556619167e-04 1.539719960419461131e-04
5.433179855346679688e+00 1.345080018043518066e+00
-1.414080034010112286e-03 3.703109978232532740e-04
5.365329742431640625e+00 -6.187970042228698730e-01
-2.482059926478541456e-06 -2.671140100574120879e-05
6.098259925842285156e+00 1.050629973411560059e+00
1.649520010687410831e-03 -1.839180040406063199e-04
4.853310108184814453e+00 1.669200062751770020e-01
-2.530650002881884575e-03 1.393669983372092247e-03
6.805709838867187500e+00 9.452080130577087402e-01
-1.406329974997788668e-04 -1.322390016866847873e-04
5.704649925231933594e+00 -1.432819962501525879e+00
-2.793119987472891808e-03 -8.983649313449859619e-04
6.772399902343750000e+00 2.595930099487304688e-01
-4.957769997417926788e-03 1.179569982923567295e-03
5.357480049133300781e+00 3.241969943046569824e-01
-3.101289912592619658e-04 -1.508109970018267632e-03
7.249189376831054688e+00 -6.981409788131713867e-01
-1.603389973752200603e-04 -7.626209844602271914e-05
5.969629764556884766e+00 1.278129965066909790e-01
1.353980042040348053e-04 7.679610280320048332e-05
5.795440196990966797e+00 -1.655889987945556641e+00
1.486280001699924469e-03 4.606810107361525297e-04
6.158519744873046875e+00 5.559020042419433594e-01
4.247720062267035246e-05 1.210690010339021683e-03
5.963039875030517578e+00 8.268740028142929077e-02
1.995009952224791050e-04 -1.814790011849254370e-04
5.501430034637451172e+00 1.308859825134277344e+00
2.565929898992180824e-03 3.717269748449325562e-03
4.974899768829345703e+00 1.457829959690570831e-02
-3.485329914838075638e-03 -4.397970158606767654e-03
5.210370063781738281e+00 -3.040589988231658936e-01
-1.260249991901218891e-03 -7.060079835355281830e-03
6.028349876403808594e+00 7.434590160846710205e-02
1.777690020389854908e-03 -2.992810041178017855e-04
5.894860267639160156e+00 1.546609997749328613e+00
-2.708800137042999268e-03 2.024360001087188721e-03
6.118710041046142578e+00 1.779599785804748535e-01
1.073820021701976657e-04 4.223029827699065208e-05
6.787229537963867188e+00 6.653389930725097656e-01
6.071110256016254425e-04 -4.599810112267732620e-03
5.366909980773925781e+00 1.892179965972900391e+00
-2.557039726525545120e-03 -4.001230117864906788e-04
6.177239894866943359e+00 -1.109039932489395142e-01
2.420790027827024460e-03 7.622910197824239731e-03
5.378739833831787109e+00 -6.274920105934143066e-01
-1.535239971417468041e-05 8.244009950431063771e-05
6.084829330444335938e+00 -4.790050089359283447e-01
1.513940049335360527e-03 -1.931000006152316928e-04
3.079999923706054688e+00 -8.312829732894897461e-01
3.745609894394874573e-03 4.924280219711363316e-04
6.258920669555664062e+00 -8.624429702758789062e-01
-1.442329958081245422e-04 2.630930102895945311e-04
5.153550148010253906e+00 1.040240049362182617e+00
-1.626129960641264915e-03 -5.093350075185298920e-03
7.012829780578613281e+00 -2.411600053310394287e-01
-4.301019944250583649e-03 4.927730187773704529e-03
6.310989856719970703e+00 -3.788560032844543457e-01
-3.454989928286522627e-04 -6.638899911195039749e-03
6.633989810943603516e+00 -2.927730083465576172e-01
-1.820350065827369690e-03 3.834450151771306992e-03
5.627920150756835938e+00 -1.654379963874816895e+00
9.773990313988178968e-05 -9.782450797501951456e-05
3.530339956283569336e+00 3.393630027770996094e+00
-7.142580114305019379e-03 -3.147959941998124123e-03
6.980810165405273438e+00 5.957259982824325562e-02
-2.602809981908649206e-04 -9.735480416566133499e-04
6.225130081176757812e+00 8.460110425949096680e-02
1.178169986815191805e-04 -3.002310113515704870e-04
6.779630184173583984e+00 -7.946579903364181519e-02
-1.861860044300556183e-03 -4.259789828211069107e-03
5.979400157928466797e+00 4.950619935989379883e-01
-8.485259604640305042e-05 2.757089969236403704e-04
5.946459770202636719e+00 9.119799733161926270e-02
-2.813609782606363297e-03 1.740519888699054718e-03
5.579500198364257812e+00 1.146119952201843262e+00
8.411789895035326481e-04 4.793909844011068344e-03
6.561890125274658203e+00 6.482890248298645020e-01
7.991950260475277901e-04 -2.244280040031298995e-04
3.415630102157592773e+00 2.352030038833618164e+00
-1.660639973124489188e-04 -9.297749784309417009e-05
6.513440132141113281e+00 8.149579763412475586e-01
-3.641239891294389963e-04 4.419999459059908986e-05
7.811189651489257812e+00 -1.155070066452026367e-01
7.415129948640242219e-05 1.049240017891861498e-04
6.510970115661621094e+00 2.649630069732666016e+00
2.944210136774927378e-04 4.207440069876611233e-04
4.850309848785400391e+00 3.915820121765136719e-01
4.785839992109686136e-04 1.800169982016086578e-02
5.352359771728515625e+00 -1.119410097599029541e-01
-1.980769913643598557e-03 1.275709946639835835e-03
5.847350120544433594e+00 -2.086489915847778320e+00
2.515770029276609421e-03 -2.914620097726583481e-03
6.725590229034423828e+00 4.010660052299499512e-01
-7.935370318591594696e-03 -2.451339969411492348e-03
3.823530197143554688e+00 -8.026800155639648438e-01
2.085030078887939453e-03 1.592320040799677372e-03
6.720709800720214844e+00 -5.898680090904235840e-01
5.200429819524288177e-03 -2.739499788731336594e-03
4.569260120391845703e+00 3.561089992523193359e+00
-5.639770097332075238e-05 7.172890036599710584e-05
6.481190204620361328e+00 3.308019638061523438e-01
1.849929988384246826e-02 -4.350159782916307449e-03
4.774960041046142578e+00 9.722340106964111328e-02
3.010550017279456370e-06 9.998990572057664394e-05
7.289480209350585938e+00 -9.933760166168212891e-01
-1.498719939263537526e-04 -9.838429832598194480e-05
7.841910362243652344e+00 4.846939817070960999e-02
-2.480330003891140223e-04 -1.013169967336580157e-04
6.653240203857421875e+00 -1.704210042953491211e+00
-1.284720026887953281e-03 1.397660002112388611e-03
4.693799972534179688e+00 -7.714350223541259766e-01
2.332290261983871460e-02 -6.872740574181079865e-03
5.762370109558105469e+00 -3.284119963645935059e-01
-1.967540010809898376e-04 3.433819983911234885e-06
6.646790027618408203e+00 7.347530126571655273e-01
-1.060269959270954132e-02 -4.135579802095890045e-03
3.591650009155273438e+00 2.335649967193603516e+00
-2.428419975331053138e-04 -4.690069908974692225e-05
3.802390098571777344e+00 -1.409540057182312012e+00
3.305629827082157135e-03 -6.823120056651532650e-04
6.343070030212402344e+00 -3.806970119476318359e-01
-1.283070072531700134e-03 3.025979967787861824e-03
5.409729957580566406e+00 9.293799996376037598e-01
-3.994259983301162720e-03 7.076520123519003391e-04
5.690810203552246094e+00 5.238969624042510986e-02
1.815130002796649933e-03 -1.564580015838146210e-02
7.059989929199218750e+00 1.059599995613098145e+00
5.127349868416786194e-03 9.190070442855358124e-03
4.455719947814941406e+00 1.447119951248168945e+00
2.372100017964839935e-02 1.911459839902818203e-04
5.549190044403076172e+00 -1.980090022087097168e+00
1.131600001826882362e-04 -1.246089959749951959e-04
5.983480453491210938e+00 3.248579978942871094e+00
8.698659949004650116e-03 3.116980195045471191e-03
6.196340560913085938e+00 -1.514450073242187500e+00
-5.147350020706653595e-05 4.319729923736304045e-04
5.192890167236328125e+00 2.144879996776580811e-01
4.694369854405522346e-04 5.095740198157727718e-04
4.678359985351562500e+00 -4.271680116653442383e-02
-6.592459976673126221e-05 -5.573830276262015104e-05
7.149400234222412109e+00 1.669510006904602051e+00
1.213939953595399857e-02 -6.835369858890771866e-04
4.834300041198730469e+00 -6.384419649839401245e-02
-1.749509945511817932e-03 2.502030227333307266e-03
4.643430233001708984e+00 1.731930017471313477e+00
-1.409549986419733614e-05 -8.120980055537074804e-06
6.722139835357666016e+00 -7.288979887962341309e-01
1.844670064747333527e-02 1.757089979946613312e-03
5.519839286804199219e+00 -1.214020013809204102e+00
-5.278999917209148407e-03 8.483040146529674530e-04
5.531799793243408203e+00 -2.086560130119323730e-01
-4.219129914417862892e-04 -8.635889971628785133e-04
4.832870006561279297e+00 -2.131499722599983215e-02
-1.051939907483756542e-04 -1.766400055203121156e-05
6.155079841613769531e+00 2.903490066528320312e+00
-7.292979862540960312e-04 -7.550540030933916569e-04
6.953539848327636719e+00 -1.880100011825561523e+00
-6.343150045722723007e-03 1.030980027280747890e-03
6.234600067138671875e+00 -1.840039968490600586e+00
2.482569834683090448e-05 9.616430179448798299e-05
5.577779769897460938e+00 -1.173580050468444824e+00
8.239850401878356934e-03 1.646540185902267694e-04
6.496059894561767578e+00 -6.872090101242065430e-01
2.770670107565820217e-04 3.460159932728856802e-04
3.252089977264404297e+00 6.515520066022872925e-02
2.295440062880516052e-03 2.496330067515373230e-03
4.990320205688476562e+00 -2.058929920196533203e+00
1.437210012227296829e-04 1.024459998006932437e-04
7.279719829559326172e+00 4.019939899444580078e-01
9.235359728336334229e-03 1.163610070943832397e-02
5.506700515747070312e+00 -2.263599932193756104e-01
-8.828219724819064140e-04 -5.259340628981590271e-03
6.637750148773193359e+00 -1.123010039329528809e+00
-3.124489914625883102e-03 6.690020207315683365e-03
5.667260169982910156e+00 1.557399928569793701e-01
-7.316080154851078987e-05 -5.630510277114808559e-04
5.355679988861083984e+00 -2.400420010089874268e-01
5.786499939858913422e-03 5.051299929618835449e-03
5.381440162658691406e+00 -1.696830034255981445e+00
-8.071570191532373428e-04 7.544159889221191406e-04
7.089670181274414062e+00 -1.894569993019104004e-01
